0.000000	0.000000
0.100000	0.000000
0.200000	0.000000
0.300000	0.000000
0.400000	0.000000
0.500000	0.000000
0.600000	0.000000
0.700000	0.000000
0.800000	0.000000
0.900000	0.000000
1.000000	0.000000
1.100000	0.000000
1.200000	0.000000
1.300000	0.000000
1.400000	0.000000
1.500000	0.000000
1.600000	0.000000
1.700000	0.000000
1.800000	0.000000
1.900000	0.000000
2.000000	0.000000
2.086603	0.050000
2.173205	0.100000
2.259808	0.150000
2.346410	0.200000
2.433013	0.250000
2.519615	0.300000
2.606218	0.350000
2.692820	0.400000
2.779423	0.450000
2.866025	0.500000
2.952628	0.550000
3.039230	0.600000
3.125833	0.650000
3.212436	0.700000
3.299038	0.750000
3.385641	0.800000
3.472243	0.850000
3.558846	0.900000
3.645448	0.950000
3.732051	1.000000
3.782051	1.086603
3.832051	1.173205
3.882051	1.259808
3.932051	1.346410
3.982051	1.433013
4.032051	1.519615
4.082051	1.606218
4.132051	1.692820
4.182051	1.779423
4.232051	1.866025
4.282051	1.952628
4.332051	2.039230
4.382051	2.125833
4.432051	2.212436
4.482051	2.299038
4.532051	2.385641
4.582051	2.472243
4.632051	2.558846
4.682051	2.645448
4.732051	2.732051
4.732051	2.832051
4.732051	2.932051
4.732051	3.032051
4.732051	3.132051
4.732051	3.232051
4.732051	3.332051
4.732051	3.432051
4.732051	3.532051
4.732051	3.632051
4.732051	3.732051
4.732051	3.832051
4.732051	3.932051
4.732051	4.032051
4.732051	4.132051
4.732051	4.232051
4.732051	4.332051
4.732051	4.432051
4.732051	4.532051
4.732051	4.632051
4.732051	4.732051
4.682051	4.818653
4.632051	4.905256
4.582051	4.991858
4.532051	5.078461
4.482051	5.165064
4.432051	5.251666
4.382051	5.338269
4.332051	5.424871
4.282051	5.511474
4.232051	5.598076
4.182051	5.684679
4.132051	5.771281
4.082051	5.857884
4.032051	5.944486
3.982051	6.031089
3.932051	6.117691
3.882051	6.204294
3.832051	6.290897
3.782051	6.377499
3.732051	6.464102
4.645448	4.782051
4.558846	4.832051
4.472243	4.882051
4.385641	4.932051
4.299038	4.982051
4.212436	5.032051
4.125833	5.082051
4.039230	5.132051
3.952628	5.182051
3.866025	5.232051
3.779423	5.282051
3.692820	5.332051
3.606218	5.382051
3.519615	5.432051
3.433013	5.482051
3.346410	5.532051
3.259808	5.582051
3.173205	5.632051
3.086603	5.682051
3.000000	5.732051
2.913397	5.782051
2.826795	5.832051
2.740192	5.882051
2.653590	5.932051
2.566987	5.982051
2.480385	6.032051
2.393782	6.082051
2.307180	6.132051
2.220577	6.182051
2.133975	6.232051
2.047372	6.182051
1.960770	6.132051
1.874167	6.082051
1.787564	6.032051
1.700962	5.982051
1.614359	5.932051
1.527757	5.882051
1.441154	5.832051
1.354552	5.782051
1.267949	5.732051
1.181347	5.682051
1.094744	5.632051
1.008142	5.582051
0.921539	5.532051
0.834936	5.482051
0.748334	5.432051
0.661731	5.382051
0.575129	5.332051
0.488526	5.282051
0.401924	5.232051
0.351924	5.145448
0.301924	5.058846
0.251924	4.972243
0.201924	4.885641
0.151924	4.799038
0.101924	4.712436
0.051924	4.625833
0.001924	4.539230
-0.048076	4.452628
-0.098076	4.366025
-0.148076	4.279423
-0.198076	4.192820
-0.248076	4.106218
-0.298076	4.019615
-0.348076	3.933013
-0.398076	3.846410
-0.448076	3.759808
-0.498076	3.673205
-0.548076	3.586603
-0.598076	3.500000
-0.598076	3.400000
-0.598076	3.300000
-0.598076	3.200000
-0.598076	3.100000
-0.598076	3.000000
-0.598076	2.900000
-0.598076	2.800000
-0.598076	2.700000
-0.598076	2.600000
-0.598076	2.500000
-0.598076	2.400000
-0.598076	2.300000
-0.598076	2.200000
-0.598076	2.100000
-0.598076	2.000000
-0.598076	1.900000
-0.598076	1.800000
-0.598076	1.700000
-0.598076	1.600000
-0.598076	1.500000
-0.548076	1.413397
-0.498076	1.326795
-0.448076	1.240192
-0.398076	1.153590
-0.348076	1.066987
-0.298076	0.980385
-0.248076	0.893782
-0.198076	0.807180
-0.148076	0.720577
-0.098076	0.633975
-0.048076	0.547372
0.001924	0.460770
0.051924	0.374167
0.101924	0.287564
0.151924	0.200962
0.201924	0.114359
0.251924	0.027757
0.301924	-0.058846
0.351924	-0.145448
0.401924	-0.232051
0.488526	-0.182051
0.575129	-0.132051
0.661731	-0.082051
0.748334	-0.032051
0.834936	0.017949
0.921539	0.067949
1.008142	0.117949
1.094744	0.167949
1.181347	0.217949
1.267949	0.267949
1.267949	0.367949
1.267949	0.467949
1.267949	0.567949
1.267949	0.667949
1.267949	0.767949
1.267949	0.867949
1.267949	0.967949
1.267949	1.067949
1.267949	1.167949
1.267949	1.267949
1.267949	1.367949
1.267949	1.467949
1.267949	1.567949
1.267949	1.667949
1.267949	1.767949
1.267949	1.867949
1.267949	1.967949
1.267949	2.067949
1.267949	2.167949
1.267949	2.267949
1.267949	0.367949
1.267949	0.467949
1.267949	0.567949
1.267949	0.667949
1.267949	0.767949
1.267949	0.867949
1.267949	0.967949
1.267949	1.067949
1.267949	1.167949
1.267949	1.267949
1.267949	1.367949
1.267949	1.467949
1.267949	1.567949
1.267949	1.667949
1.267949	1.767949
1.267949	1.867949
1.267949	1.967949
1.267949	2.067949
1.267949	2.167949
1.267949	2.267949
1.181347	2.317949
1.094744	2.367949
1.008142	2.417949
0.921539	2.467949
0.834936	2.517949
0.748334	2.567949
0.661731	2.617949
0.575129	2.667949
0.488526	2.717949
0.401924	2.767949
0.315321	2.817949
0.228719	2.867949
0.142116	2.917949
0.055514	2.967949
-0.031089	3.017949
-0.117691	3.067949
-0.204294	3.117949
-0.290897	3.167949
-0.377499	3.217949
-0.464102	3.267949
-0.564102	3.267949
-0.664102	3.267949
-0.764102	3.267949
-0.864102	3.267949
-0.964102	3.267949
-1.064102	3.267949
-1.164102	3.267949
-1.264102	3.267949
-1.364102	3.267949
-1.464102	3.267949
-1.564102	3.267949
-1.664102	3.267949
-1.764102	3.267949
-1.864102	3.267949
-1.964102	3.267949
-2.064102	3.267949
-2.164102	3.267949
-2.264102	3.267949
-2.364102	3.267949
-2.464102	3.267949
-2.550704	3.217949
-2.637307	3.167949
-2.723909	3.117949
-2.810512	3.067949
-2.897114	3.017949
-2.983717	2.967949
-3.070319	2.917949
-3.156922	2.867949
-3.243524	2.817949
-3.330127	2.767949
-3.416730	2.717949
-3.503332	2.667949
-3.589935	2.617949
-3.676537	2.567949
-3.763140	2.517949
-3.849742	2.467949
-3.936345	2.417949
-4.022947	2.367949
-4.109550	2.317949
-4.196152	2.267949
-4.246152	2.181347
-4.296152	2.094744
-4.346152	2.008142
-4.396152	1.921539
-4.446152	1.834936
-4.496152	1.748334
-4.546152	1.661731
-4.596152	1.575129
-4.646152	1.488526
-4.696152	1.401924
-4.746152	1.315321
-4.796152	1.228719
-4.846152	1.142116
-4.896152	1.055514
-4.946152	0.968911
-4.996152	0.882309
-5.046152	0.795706
-5.096152	0.709103
-5.146152	0.622501
-5.196152	0.535898
-5.196152	0.435898
-5.196152	0.335898
-5.196152	0.235898
-5.196152	0.135898
-5.196152	0.035898
-5.196152	-0.064102
-5.196152	-0.164102
-5.196152	-0.264102
-5.196152	-0.364102
-5.196152	-0.464102
-5.196152	-0.564102
-5.196152	-0.664102
-5.196152	-0.764102
-5.196152	-0.864102
-5.196152	-0.964102
-5.196152	-1.064102
-5.196152	-1.164102
-5.196152	-1.264102
-5.196152	-1.364102
-5.196152	-1.464102
-5.146152	0.449296
-5.096152	0.362693
-5.046152	0.276091
-4.996152	0.189488
-4.946152	0.102886
-4.896152	0.016283
-4.846152	-0.070319
-4.796152	-0.156922
-4.746152	-0.243524
-4.696152	-0.330127
-4.646152	-0.416730
-4.596152	-0.503332
-4.546152	-0.589935
-4.496152	-0.676537
-4.446152	-0.763140
-4.396152	-0.849742
-4.346152	-0.936345
-4.296152	-1.022947
-4.246152	-1.109550
-4.196152	-1.196152
-4.146152	-1.282755
-4.096152	-1.369358
-4.046152	-1.455960
-3.996152	-1.542563
-3.946152	-1.629165
-3.896152	-1.715768
-3.846152	-1.802370
-3.796152	-1.888973
-3.746152	-1.975575
-3.696152	-2.062178
-3.596152	-2.062178
-3.496152	-2.062178
-3.396152	-2.062178
-3.296152	-2.062178
-3.196152	-2.062178
-3.096152	-2.062178
-2.996152	-2.062178
-2.896152	-2.062178
-2.796152	-2.062178
-2.696152	-2.062178
-2.596152	-2.062178
-2.496152	-2.062178
-2.396152	-2.062178
-2.296152	-2.062178
-2.196152	-2.062178
-2.096152	-2.062178
-1.996152	-2.062178
-1.896152	-2.062178
-1.796152	-2.062178
-1.696152	-2.062178
-1.609550	-2.012178
-1.522947	-1.962178
-1.436345	-1.912178
-1.349742	-1.862178
-1.263140	-1.812178
-1.176537	-1.762178
-1.089935	-1.712178
-1.003332	-1.662178
-0.916730	-1.612178
-0.830127	-1.562178
-0.743524	-1.512178
-0.656922	-1.462178
-0.570319	-1.412178
-0.483717	-1.362178
-0.397114	-1.312178
-0.310512	-1.262178
-0.223909	-1.212178
-0.137307	-1.162178
-0.050704	-1.112178
0.035898	-1.062178
0.085898	-0.975575
0.135898	-0.888973
0.185898	-0.802370
0.235898	-0.715768
0.285898	-0.629165
0.335898	-0.542563
0.385898	-0.455960
0.435898	-0.369358
0.485898	-0.282755
0.535898	-0.196152
0.585898	-0.109550
0.635898	-0.022947
0.685898	0.063655
0.735898	0.150258
0.785898	0.236860
0.835898	0.323463
0.885898	0.410065
0.935898	0.496668
0.985898	0.583270
1.035898	0.669873
1.035898	0.769873
1.035898	0.869873
1.035898	0.969873
1.035898	1.069873
1.035898	1.169873
1.035898	1.269873
1.035898	1.369873
1.035898	1.469873
1.035898	1.569873
1.035898	1.669873
1.035898	1.769873
1.035898	1.869873
1.035898	1.969873
1.035898	2.069873
1.035898	2.169873
1.035898	2.269873
1.035898	2.369873
1.035898	2.469873
1.035898	2.569873
1.035898	2.669873
0.935898	2.669873
0.835898	2.669873
0.735898	2.669873
0.635898	2.669873
0.535898	2.669873
0.435898	2.669873
0.335898	2.669873
0.235898	2.669873
0.135898	2.669873
0.035898	2.669873
-0.014102	2.583270
-0.064102	2.496668
-0.114102	2.410065
-0.164102	2.323463
-0.214102	2.236860
-0.264102	2.150258
-0.314102	2.063655
-0.364102	1.977053
-0.414102	1.890450
-0.464102	1.803848
-0.514102	1.717245
-0.564102	1.630642
-0.614102	1.544040
-0.664102	1.457437
-0.714102	1.370835
-0.764102	1.284232
-0.814102	1.197630
-0.864102	1.111027
-0.914102	1.024425
-0.964102	0.937822
-0.014102	2.583270
-0.064102	2.496668
-0.114102	2.410065
-0.164102	2.323463
-0.214102	2.236860
-0.264102	2.150258
-0.314102	2.063655
-0.364102	1.977053
-0.414102	1.890450
-0.464102	1.803848
-0.514102	1.717245
-0.564102	1.630642
-0.614102	1.544040
-0.664102	1.457437
-0.714102	1.370835
-0.764102	1.284232
-0.814102	1.197630
-0.864102	1.111027
-0.914102	1.024425
-0.964102	0.937822
-0.914102	0.851220
-0.864102	0.764617
-0.814102	0.678015
-0.764102	0.591412
-0.714102	0.504809
-0.664102	0.418207
-0.614102	0.331604
-0.564102	0.245002
-0.514102	0.158399
-0.464102	0.071797
-0.414102	-0.014806
-0.364102	-0.101408
-0.314102	-0.188011
-0.264102	-0.274613
-0.214102	-0.361216
-0.164102	-0.447818
-0.114102	-0.534421
-0.064102	-0.621024
-0.014102	-0.707626
0.035898	-0.794229
0.122501	-0.844229
0.209103	-0.894229
0.295706	-0.944229
0.382309	-0.994229
0.468911	-1.044229
0.555514	-1.094229
0.642116	-1.144229
0.728719	-1.194229
0.815321	-1.244229
0.901924	-1.294229
0.988526	-1.344229
1.075129	-1.394229
1.161731	-1.444229
1.248334	-1.494229
1.334936	-1.544229
1.421539	-1.594229
1.508142	-1.644229
1.594744	-1.694229
1.681347	-1.744229
1.767949	-1.794229
1.867949	-1.794229
1.967949	-1.794229
2.067949	-1.794229
2.167949	-1.794229
2.267949	-1.794229
2.367949	-1.794229
2.467949	-1.794229
2.567949	-1.794229
2.667949	-1.794229
2.767949	-1.794229
2.867949	-1.794229
2.967949	-1.794229
3.067949	-1.794229
3.167949	-1.794229
3.267949	-1.794229
3.367949	-1.794229
3.467949	-1.794229
3.567949	-1.794229
3.667949	-1.794229
3.767949	-1.794229
3.854552	-1.744229
3.941154	-1.694229
4.027757	-1.644229
4.114359	-1.594229
4.200962	-1.544229
4.287564	-1.494229
4.374167	-1.444229
4.460770	-1.394229
4.547372	-1.344229
4.633975	-1.294229
4.720577	-1.244229
4.807180	-1.194229
4.893782	-1.144229
4.980385	-1.094229
5.066987	-1.044229
5.153590	-0.994229
5.240192	-0.944229
5.326795	-0.894229
5.413397	-0.844229
5.500000	-0.794229
5.550000	-0.707626
5.600000	-0.621024
5.650000	-0.534421
5.700000	-0.447818
5.750000	-0.361216
5.800000	-0.274613
5.850000	-0.188011
5.900000	-0.101408
5.950000	-0.014806
6.000000	0.071797
6.050000	0.158399
6.100000	0.245002
6.150000	0.331604
6.200000	0.418207
6.250000	0.504809
6.300000	0.591412
6.350000	0.678015
6.400000	0.764617
6.450000	0.851220
6.500000	0.937822
5.500000	-0.694229
5.500000	-0.594229
5.500000	-0.494229
5.500000	-0.394229
5.500000	-0.294229
5.500000	-0.194229
5.500000	-0.094229
5.500000	0.005771
5.500000	0.105771
5.500000	0.205771
5.500000	0.305771
5.500000	0.405771
5.500000	0.505771
5.500000	0.605771
5.500000	0.705771
5.500000	0.805771
5.500000	0.905771
5.500000	1.005771
5.500000	1.105771
5.500000	1.205771
5.500000	1.305771
5.500000	1.405771
5.500000	1.505771
5.500000	1.605771
5.500000	1.705771
5.500000	1.805771
5.500000	1.905771
5.500000	2.005771
5.500000	2.105771
5.500000	2.205771
5.413397	2.255771
5.326795	2.305771
5.240192	2.355771
5.153590	2.405771
5.066987	2.455771
4.980385	2.505771
4.893782	2.555771
4.807180	2.605771
4.720577	2.655771
4.633975	2.705771
4.547372	2.755771
4.460770	2.805771
4.374167	2.855771
4.287564	2.905771
4.200962	2.955771
4.114359	3.005771
4.027757	3.055771
3.941154	3.105771
3.854552	3.155771
3.767949	3.205771
3.667949	3.205771
3.567949	3.205771
3.467949	3.205771
3.367949	3.205771
3.267949	3.205771
3.167949	3.205771
3.067949	3.205771
2.967949	3.205771
2.867949	3.205771
2.767949	3.205771
2.667949	3.205771
2.567949	3.205771
2.467949	3.205771
2.367949	3.205771
2.267949	3.205771
2.167949	3.205771
2.067949	3.205771
1.967949	3.205771
1.867949	3.205771
1.767949	3.205771
1.681347	3.155771
1.594744	3.105771
1.508142	3.055771
1.421539	3.005771
1.334936	2.955771
1.248334	2.905771
1.161731	2.855771
1.075129	2.805771
0.988526	2.755771
0.901924	2.705771
0.815321	2.655771
0.728719	2.605771
0.642116	2.555771
0.555514	2.505771
0.468911	2.455771
0.382309	2.405771
0.295706	2.355771
0.209103	2.305771
0.122501	2.255771
0.035898	2.205771
-0.014102	2.119169
-0.064102	2.032566
-0.114102	1.945964
-0.164102	1.859361
-0.214102	1.772759
-0.264102	1.686156
-0.314102	1.599554
-0.364102	1.512951
-0.414102	1.426349
-0.464102	1.339746
-0.514102	1.253143
-0.564102	1.166541
-0.614102	1.079938
-0.664102	0.993336
-0.714102	0.906733
-0.764102	0.820131
-0.814102	0.733528
-0.864102	0.646926
-0.914102	0.560323
-0.964102	0.473721
-0.877499	0.423721
-0.790897	0.373721
-0.704294	0.323721
-0.617691	0.273721
-0.531089	0.223721
-0.444486	0.173721
-0.357884	0.123721
-0.271281	0.073721
-0.184679	0.023721
-0.098076	-0.026279
-0.011474	0.023721
0.075129	0.073721
0.161731	0.123721
0.248334	0.173721
0.334936	0.223721
0.421539	0.273721
0.508142	0.323721
0.594744	0.373721
0.681347	0.423721
0.767949	0.473721
0.854552	0.523721
0.941154	0.573721
1.027757	0.623721
1.114359	0.673721
1.200962	0.723721
1.287564	0.773721
1.374167	0.823721
1.460770	0.873721
1.547372	0.923721
1.633975	0.973721
-0.011474	0.023721
0.075129	0.073721
0.161731	0.123721
0.248334	0.173721
0.334936	0.223721
0.421539	0.273721
0.508142	0.323721
0.594744	0.373721
0.681347	0.423721
0.767949	0.473721
0.854552	0.523721
0.941154	0.573721
1.027757	0.623721
1.114359	0.673721
1.200962	0.723721
1.287564	0.773721
1.374167	0.823721
1.460770	0.873721
1.547372	0.923721
1.633975	0.973721
1.633975	1.073721
1.633975	1.173721
1.633975	1.273721
1.633975	1.373721
1.633975	1.473721
1.633975	1.573721
1.633975	1.673721
1.633975	1.773721
1.633975	1.873721
1.633975	1.973721
1.633975	2.073721
1.633975	2.173721
1.633975	2.273721
1.633975	2.373721
1.633975	2.473721
1.633975	2.573721
1.633975	2.673721
1.633975	2.773721
1.633975	2.873721
1.633975	2.973721
1.583975	3.060323
1.533975	3.146926
1.483975	3.233528
1.433975	3.320131
1.383975	3.406733
1.333975	3.493336
1.283975	3.579938
1.233975	3.666541
1.183975	3.753143
1.133975	3.839746
1.083975	3.926349
1.033975	4.012951
0.983975	4.099554
0.933975	4.186156
0.883975	4.272759
0.833975	4.359361
0.783975	4.445964
0.733975	4.532566
0.683975	4.619169
0.633975	4.705771
0.547372	4.755771
0.460770	4.805771
0.374167	4.855771
0.287564	4.905771
0.200962	4.955771
0.114359	5.005771
0.027757	5.055771
-0.058846	5.105771
-0.145448	5.155771
-0.232051	5.205771
-0.318653	5.255771
-0.405256	5.305771
-0.491858	5.355771
-0.578461	5.405771
-0.665064	5.455771
-0.751666	5.505771
-0.838269	5.555771
-0.924871	5.605771
-1.011474	5.655771
-1.098076	5.705771
-1.198076	5.705771
-1.298076	5.705771
-1.398076	5.705771
-1.498076	5.705771
-1.598076	5.705771
-1.698076	5.705771
-1.798076	5.705771
-1.898076	5.705771
-1.998076	5.705771
-2.098076	5.705771
-2.198076	5.705771
-2.298076	5.705771
-2.398076	5.705771
-2.498076	5.705771
-2.598076	5.705771
-2.698076	5.705771
-2.798076	5.705771
-2.898076	5.705771
-2.998076	5.705771
-3.098076	5.705771
-3.184679	5.655771
-3.271281	5.605771
-3.357884	5.555771
-3.444486	5.505771
-3.531089	5.455771
-3.617691	5.405771
-3.704294	5.355771
-3.790897	5.305771
-3.877499	5.255771
-3.964102	5.205771
-4.050704	5.155771
-4.137307	5.105771
-4.223909	5.055771
-4.310512	5.005771
-4.397114	4.955771
-4.483717	4.905771
-4.570319	4.855771
-4.656922	4.805771
-4.743524	4.755771
-4.830127	4.705771
-3.148076	5.619169
-3.198076	5.532566
-3.248076	5.445964
-3.298076	5.359361
-3.348076	5.272759
-3.398076	5.186156
-3.448076	5.099554
-3.498076	5.012951
-3.548076	4.926349
-3.598076	4.839746
-3.648076	4.753143
-3.698076	4.666541
-3.748076	4.579938
-3.798076	4.493336
-3.848076	4.406733
-3.898076	4.320131
-3.948076	4.233528
-3.998076	4.146926
-4.048076	4.060323
-4.098076	3.973721
-4.148076	3.887118
-4.198076	3.800515
-4.248076	3.713913
-4.298076	3.627310
-4.348076	3.540708
-4.398076	3.454105
-4.448076	3.367503
-4.498076	3.280900
-4.548076	3.194298
-4.598076	3.107695
-4.548076	3.021093
-4.498076	2.934490
-4.448076	2.847888
-4.398076	2.761285
-4.348076	2.674682
-4.298076	2.588080
-4.248076	2.501477
-4.198076	2.414875
-4.148076	2.328272
-4.098076	2.241670
-4.048076	2.155067
-3.998076	2.068465
-3.948076	1.981862
-3.898076	1.895260
-3.848076	1.808657
-3.798076	1.722055
-3.748076	1.635452
-3.698076	1.548849
-3.648076	1.462247
-3.598076	1.375644
-3.511474	1.325644
-3.424871	1.275644
-3.338269	1.225644
-3.251666	1.175644
-3.165064	1.125644
-3.078461	1.075644
-2.991858	1.025644
-2.905256	0.975644
-2.818653	0.925644
-2.732051	0.875644
-2.645448	0.825644
-2.558846	0.775644
-2.472243	0.725644
-2.385641	0.675644
-2.299038	0.625644
-2.212436	0.575644
-2.125833	0.525644
-2.039230	0.475644
-1.952628	0.425644
-1.866025	0.375644
-1.766025	0.375644
-1.666025	0.375644
-1.566025	0.375644
-1.466025	0.375644
-1.366025	0.375644
-1.266025	0.375644
-1.166025	0.375644
-1.066025	0.375644
-0.966025	0.375644
-0.866025	0.375644
-0.766025	0.375644
-0.666025	0.375644
-0.566025	0.375644
-0.466025	0.375644
-0.366025	0.375644
-0.266025	0.375644
-0.166025	0.375644
-0.066025	0.375644
0.033975	0.375644
0.133975	0.375644
0.220577	0.425644
0.307180	0.475644
0.393782	0.525644
0.480385	0.575644
0.566987	0.625644
0.653590	0.675644
0.740192	0.725644
0.826795	0.775644
0.913397	0.825644
1.000000	0.875644
1.086603	0.925644
1.173205	0.975644
1.259808	1.025644
1.346410	1.075644
1.433013	1.125644
1.519615	1.175644
1.606218	1.225644
1.692820	1.275644
1.779423	1.325644
1.866025	1.375644
1.816025	1.462247
1.766025	1.548849
1.716025	1.635452
1.666025	1.722055
1.616025	1.808657
1.566025	1.895260
1.516025	1.981862
1.466025	2.068465
1.416025	2.155067
1.366025	2.241670
1.266025	2.241670
1.166025	2.241670
1.066025	2.241670
0.966025	2.241670
0.866025	2.241670
0.766025	2.241670
0.666025	2.241670
0.566025	2.241670
0.466025	2.241670
0.366025	2.241670
0.266025	2.241670
0.166025	2.241670
0.066025	2.241670
-0.033975	2.241670
-0.133975	2.241670
-0.233975	2.241670
-0.333975	2.241670
-0.433975	2.241670
-0.533975	2.241670
-0.633975	2.241670
1.266025	2.241670
1.166025	2.241670
1.066025	2.241670
0.966025	2.241670
0.866025	2.241670
0.766025	2.241670
0.666025	2.241670
0.566025	2.241670
0.466025	2.241670
0.366025	2.241670
0.266025	2.241670
0.166025	2.241670
0.066025	2.241670
-0.033975	2.241670
-0.133975	2.241670
-0.233975	2.241670
-0.333975	2.241670
-0.433975	2.241670
-0.533975	2.241670
-0.633975	2.241670
