0.000000	0.000000
0.100000	0.000000
0.200000	0.000000
0.300000	0.000000
0.400000	0.000000
0.500000	0.000000
0.600000	0.000000
0.700000	0.000000
0.800000	0.000000
0.900000	0.000000
1.000000	0.000000
1.100000	0.000000
1.200000	0.000000
1.300000	0.000000
1.400000	0.000000
1.500000	0.000000
1.600000	0.000000
1.700000	0.000000
1.800000	0.000000
1.900000	0.000000
2.000000	0.000000
2.086603	0.050000
2.173205	0.100000
2.259808	0.150000
2.346410	0.200000
2.433013	0.250000
2.519615	0.300000
2.606218	0.350000
2.692820	0.400000
2.779423	0.450000
2.866025	0.500000
2.952628	0.550000
3.039230	0.600000
3.125833	0.650000
3.212436	0.700000
3.299038	0.750000
3.385641	0.800000
3.472243	0.850000
3.558846	0.900000
3.645448	0.950000
3.732051	1.000000
3.782051	1.086603
3.832051	1.173205
3.882051	1.259808
3.932051	1.346410
3.982051	1.433013
4.032051	1.519615
4.082051	1.606218
4.132051	1.692820
4.182051	1.779423
4.232051	1.866025
4.282051	1.952628
4.332051	2.039230
4.382051	2.125833
4.432051	2.212436
4.482051	2.299038
4.532051	2.385641
4.582051	2.472243
4.632051	2.558846
4.682051	2.645448
4.732051	2.732051
4.732051	2.832051
4.732051	2.932051
4.732051	3.032051
4.732051	3.132051
4.732051	3.232051
4.732051	3.332051
4.732051	3.432051
4.732051	3.532051
4.732051	3.632051
4.732051	3.732051
4.732051	3.832051
4.732051	3.932051
4.732051	4.032051
4.732051	4.132051
4.732051	4.232051
4.732051	4.332051
4.732051	4.432051
4.732051	4.532051
4.732051	4.632051
4.732051	4.732051
4.682051	4.818653
4.632051	4.905256
4.582051	4.991858
4.532051	5.078461
4.482051	5.165064
4.432051	5.251666
4.382051	5.338269
4.332051	5.424871
4.282051	5.511474
4.232051	5.598076
4.182051	5.684679
4.132051	5.771281
4.082051	5.857884
4.032051	5.944486
3.982051	6.031089
3.932051	6.117691
3.882051	6.204294
3.832051	6.290897
3.782051	6.377499
3.732051	6.464102
4.645448	4.782051
4.558846	4.832051
4.472243	4.882051
4.385641	4.932051
4.299038	4.982051
4.212436	5.032051
4.125833	5.082051
4.039230	5.132051
3.952628	5.182051
3.866025	5.232051
3.779423	5.282051
3.692820	5.332051
3.606218	5.382051
3.519615	5.432051
3.433013	5.482051
3.346410	5.532051
3.259808	5.582051
3.173205	5.632051
3.086603	5.682051
3.000000	5.732051
2.913397	5.782051
2.826795	5.832051
2.740192	5.882051
2.653590	5.932051
2.566987	5.982051
2.480385	6.032051
2.393782	6.082051
2.307180	6.132051
2.220577	6.182051
2.133975	6.232051
2.047372	6.182051
1.960770	6.132051
1.874167	6.082051
1.787564	6.032051
1.700962	5.982051
1.614359	5.932051
1.527757	5.882051
1.441154	5.832051
1.354552	5.782051
1.267949	5.732051
1.181347	5.682051
1.094744	5.632051
1.008142	5.582051
0.921539	5.532051
0.834936	5.482051
0.748334	5.432051
0.661731	5.382051
0.575129	5.332051
0.488526	5.282051
0.401924	5.232051
0.351924	5.145448
0.301924	5.058846
0.251924	4.972243
0.201924	4.885641
0.151924	4.799038
0.101924	4.712436
0.051924	4.625833
0.001924	4.539230
-0.048076	4.452628
-0.098076	4.366025
-0.148076	4.279423
-0.198076	4.192820
-0.248076	4.106218
-0.298076	4.019615
-0.348076	3.933013
-0.398076	3.846410
-0.448076	3.759808
-0.498076	3.673205
-0.548076	3.586603
-0.598076	3.500000
-0.598076	3.400000
-0.598076	3.300000
-0.598076	3.200000
-0.598076	3.100000
-0.598076	3.000000
-0.598076	2.900000
-0.598076	2.800000
-0.598076	2.700000
-0.598076	2.600000
-0.598076	2.500000
-0.598076	2.400000
-0.598076	2.300000
-0.598076	2.200000
-0.598076	2.100000
-0.598076	2.000000
-0.598076	1.900000
-0.598076	1.800000
-0.598076	1.700000
-0.598076	1.600000
-0.598076	1.500000
-0.548076	1.413397
-0.498076	1.326795
-0.448076	1.240192
-0.398076	1.153590
-0.348076	1.066987
-0.298076	0.980385
-0.248076	0.893782
-0.198076	0.807180
-0.148076	0.720577
-0.098076	0.633975
-0.048076	0.547372
0.001924	0.460770
0.051924	0.374167
0.101924	0.287564
0.151924	0.200962
0.201924	0.114359
0.251924	0.027757
0.301924	-0.058846
0.351924	-0.145448
0.401924	-0.232051
0.488526	-0.282051
0.575129	-0.332051
0.661731	-0.382051
0.748334	-0.432051
0.834936	-0.482051
0.921539	-0.532051
1.008142	-0.582051
1.094744	-0.632051
1.181347	-0.682051
1.267949	-0.732051
1.354552	-0.782051
1.441154	-0.832051
1.527757	-0.882051
1.614359	-0.932051
1.700962	-0.982051
1.787564	-1.032051
1.874167	-1.082051
1.960770	-1.132051
2.047372	-1.182051
2.133975	-1.232051
2.233975	-1.232051
2.333975	-1.232051
2.433975	-1.232051
2.533975	-1.232051
2.633975	-1.232051
2.733975	-1.232051
2.833975	-1.232051
2.933975	-1.232051
3.033975	-1.232051
3.133975	-1.232051
3.233975	-1.232051
3.333975	-1.232051
3.433975	-1.232051
3.533975	-1.232051
3.633975	-1.232051
3.733975	-1.232051
3.833975	-1.232051
3.933975	-1.232051
4.033975	-1.232051
4.133975	-1.232051
4.220577	-1.182051
4.307180	-1.132051
4.393782	-1.082051
4.480385	-1.032051
4.566987	-0.982051
4.653590	-0.932051
4.740192	-0.882051
4.826795	-0.832051
4.913397	-0.782051
5.000000	-0.732051
5.086603	-0.682051
5.173205	-0.632051
5.259808	-0.582051
5.346410	-0.532051
5.433013	-0.482051
5.519615	-0.432051
5.606218	-0.382051
5.692820	-0.332051
5.779423	-0.282051
5.866025	-0.232051
5.916025	-0.145448
5.966025	-0.058846
6.016025	0.027757
6.066025	0.114359
6.116025	0.200962
6.166025	0.287564
6.216025	0.374167
6.266025	0.460770
6.316025	0.547372
6.366025	0.633975
6.416025	0.720577
6.466025	0.807180
6.516025	0.893782
6.566025	0.980385
6.616025	1.066987
6.666025	1.153590
6.716025	1.240192
6.766025	1.326795
6.816025	1.413397
6.866025	1.500000
6.866025	1.600000
6.866025	1.700000
6.866025	1.800000
6.866025	1.900000
6.866025	2.000000
6.866025	2.100000
6.866025	2.200000
6.866025	2.300000
6.866025	2.400000
6.866025	2.500000
6.866025	2.600000
6.866025	2.700000
6.866025	2.800000
6.866025	2.900000
6.866025	3.000000
6.866025	3.100000
6.866025	3.200000
6.866025	3.300000
6.866025	3.400000
6.866025	3.500000
6.816025	1.586603
6.766025	1.673205
6.716025	1.759808
6.666025	1.846410
6.616025	1.933013
6.566025	2.019615
6.516025	2.106218
6.466025	2.192820
6.416025	2.279423
6.366025	2.366025
6.316025	2.452628
6.266025	2.539230
6.216025	2.625833
6.166025	2.712436
6.116025	2.799038
6.066025	2.885641
6.016025	2.972243
5.966025	3.058846
5.916025	3.145448
5.866025	3.232051
5.816025	3.318653
5.766025	3.405256
5.716025	3.491858
5.666025	3.578461
5.616025	3.665064
5.566025	3.751666
5.516025	3.838269
5.466025	3.924871
5.416025	4.011474
5.366025	4.098076
5.266025	4.098076
5.166025	4.098076
5.066025	4.098076
4.966025	4.098076
4.866025	4.098076
4.766025	4.098076
4.666025	4.098076
4.566025	4.098076
4.466025	4.098076
4.366025	4.098076
4.266025	4.098076
4.166025	4.098076
4.066025	4.098076
3.966025	4.098076
3.866025	4.098076
3.766025	4.098076
3.666025	4.098076
3.566025	4.098076
3.466025	4.098076
3.366025	4.098076
5.866025	-0.132051
5.866025	-0.032051
5.866025	0.067949
5.866025	0.167949
5.866025	0.267949
5.866025	0.367949
5.866025	0.467949
5.866025	0.567949
5.866025	0.667949
5.866025	0.767949
5.779423	0.817949
5.692820	0.867949
5.606218	0.917949
5.519615	0.967949
5.433013	1.017949
5.346410	1.067949
5.259808	1.117949
5.173205	1.167949
5.086603	1.217949
5.000000	1.267949
4.913397	1.317949
4.826795	1.367949
4.740192	1.417949
4.653590	1.467949
4.566987	1.517949
4.480385	1.567949
4.393782	1.617949
4.307180	1.667949
4.220577	1.717949
4.133975	1.767949
5.779423	0.817949
5.692820	0.867949
5.606218	0.917949
5.519615	0.967949
5.433013	1.017949
5.346410	1.067949
5.259808	1.117949
5.173205	1.167949
5.086603	1.217949
5.000000	1.267949
4.913397	1.317949
4.826795	1.367949
4.740192	1.417949
4.653590	1.467949
4.566987	1.517949
4.480385	1.567949
4.393782	1.617949
4.307180	1.667949
4.220577	1.717949
4.133975	1.767949
4.047372	1.817949
3.960770	1.867949
3.874167	1.917949
3.787564	1.967949
3.700962	2.017949
3.614359	2.067949
3.527757	2.117949
3.441154	2.167949
3.354552	2.217949
3.267949	2.267949
3.181347	2.317949
3.094744	2.367949
3.008142	2.417949
2.921539	2.467949
2.834936	2.517949
2.748334	2.567949
2.661731	2.617949
2.575129	2.667949
2.488526	2.717949
2.401924	2.767949
2.301924	2.767949
2.201924	2.767949
2.101924	2.767949
2.001924	2.767949
1.901924	2.767949
1.801924	2.767949
1.701924	2.767949
1.601924	2.767949
1.501924	2.767949
1.401924	2.767949
1.301924	2.767949
1.201924	2.767949
1.101924	2.767949
1.001924	2.767949
0.901924	2.767949
0.801924	2.767949
0.701924	2.767949
0.601924	2.767949
0.501924	2.767949
0.401924	2.767949
0.315321	2.717949
0.228719	2.667949
0.142116	2.617949
0.055514	2.567949
-0.031089	2.517949
-0.117691	2.467949
-0.204294	2.417949
-0.290897	2.367949
-0.377499	2.317949
-0.464102	2.267949
-0.550704	2.217949
-0.637307	2.167949
-0.723909	2.117949
-0.810512	2.067949
-0.897114	2.017949
-0.983717	1.967949
-1.070319	1.917949
-1.156922	1.867949
-1.243524	1.817949
-1.330127	1.767949
-1.330127	1.667949
-1.330127	1.567949
-1.330127	1.467949
-1.330127	1.367949
-1.330127	1.267949
-1.330127	1.167949
-1.330127	1.067949
-1.330127	0.967949
-1.330127	0.867949
-1.330127	0.767949
-1.330127	0.667949
-1.330127	0.567949
-1.330127	0.467949
-1.330127	0.367949
-1.330127	0.267949
-1.330127	0.167949
-1.330127	0.067949
-1.330127	-0.032051
-1.330127	-0.132051
-1.330127	-0.232051
-1.280127	-0.318653
-1.230127	-0.405256
-1.180127	-0.491858
-1.130127	-0.578461
-1.080127	-0.665064
-1.030127	-0.751666
-0.980127	-0.838269
-0.930127	-0.924871
-0.880127	-1.011474
-0.830127	-1.098076
-0.780127	-1.184679
-0.730127	-1.271281
-0.680127	-1.357884
-0.630127	-1.444486
-0.580127	-1.531089
-0.530127	-1.617691
-0.480127	-1.704294
-0.430127	-1.790897
-0.380127	-1.877499
-0.330127	-1.964102
-1.243524	-0.282051
-1.156922	-0.332051
-1.070319	-0.382051
-0.983717	-0.432051
-0.897114	-0.482051
-0.810512	-0.532051
-0.723909	-0.582051
-0.637307	-0.632051
-0.550704	-0.682051
-0.464102	-0.732051
-0.377499	-0.782051
-0.290897	-0.832051
-0.204294	-0.882051
-0.117691	-0.932051
-0.031089	-0.982051
0.055514	-1.032051
0.142116	-1.082051
0.228719	-1.132051
0.315321	-1.182051
0.401924	-1.232051
0.488526	-1.282051
0.575129	-1.332051
0.661731	-1.382051
0.748334	-1.432051
0.834936	-1.482051
0.921539	-1.532051
1.008142	-1.582051
1.094744	-1.632051
1.181347	-1.682051
1.267949	-1.732051
1.354552	-1.682051
1.441154	-1.632051
1.527757	-1.582051
1.614359	-1.532051
1.700962	-1.482051
1.787564	-1.432051
1.874167	-1.382051
1.960770	-1.332051
2.047372	-1.282051
2.133975	-1.232051
2.220577	-1.182051
2.307180	-1.132051
2.393782	-1.082051
2.480385	-1.032051
2.566987	-0.982051
2.653590	-0.932051
2.740192	-0.882051
2.826795	-0.832051
2.913397	-0.782051
3.000000	-0.732051
3.050000	-0.645448
3.100000	-0.558846
3.150000	-0.472243
3.200000	-0.385641
3.250000	-0.299038
3.300000	-0.212436
3.350000	-0.125833
3.400000	-0.039230
3.450000	0.047372
3.500000	0.133975
3.550000	0.220577
3.600000	0.307180
3.650000	0.393782
3.700000	0.480385
3.750000	0.566987
3.800000	0.653590
3.850000	0.740192
3.900000	0.826795
3.950000	0.913397
4.000000	1.000000
4.000000	1.100000
4.000000	1.200000
4.000000	1.300000
4.000000	1.400000
4.000000	1.500000
4.000000	1.600000
4.000000	1.700000
4.000000	1.800000
4.000000	1.900000
4.000000	2.000000
4.000000	2.100000
4.000000	2.200000
4.000000	2.300000
4.000000	2.400000
4.000000	2.500000
4.000000	2.600000
4.000000	2.700000
4.000000	2.800000
4.000000	2.900000
4.000000	3.000000
3.950000	3.086603
3.900000	3.173205
3.850000	3.259808
3.800000	3.346410
3.750000	3.433013
3.700000	3.519615
3.650000	3.606218
3.600000	3.692820
3.550000	3.779423
3.500000	3.866025
3.450000	3.952628
3.400000	4.039230
3.350000	4.125833
3.300000	4.212436
3.250000	4.299038
3.200000	4.385641
3.150000	4.472243
3.100000	4.558846
3.050000	4.645448
3.000000	4.732051
2.913397	4.782051
2.826795	4.832051
2.740192	4.882051
2.653590	4.932051
2.566987	4.982051
2.480385	5.032051
2.393782	5.082051
2.307180	5.132051
2.220577	5.182051
2.133975	5.232051
2.047372	5.282051
1.960770	5.332051
1.874167	5.382051
1.787564	5.432051
1.700962	5.482051
1.614359	5.532051
1.527757	5.582051
1.441154	5.632051
1.354552	5.682051
1.267949	5.732051
1.167949	5.732051
1.067949	5.732051
0.967949	5.732051
0.867949	5.732051
0.767949	5.732051
0.667949	5.732051
0.567949	5.732051
0.467949	5.732051
0.367949	5.732051
0.267949	5.732051
0.167949	5.732051
0.067949	5.732051
-0.032051	5.732051
-0.132051	5.732051
-0.232051	5.732051
-0.332051	5.732051
-0.432051	5.732051
-0.532051	5.732051
-0.632051	5.732051
-0.732051	5.732051
1.181347	5.682051
1.094744	5.632051
1.008142	5.582051
0.921539	5.532051
0.834936	5.482051
0.748334	5.432051
0.661731	5.382051
0.575129	5.332051
0.488526	5.282051
0.401924	5.232051
0.315321	5.182051
0.228719	5.132051
0.142116	5.082051
0.055514	5.032051
-0.031089	4.982051
-0.117691	4.932051
-0.204294	4.882051
-0.290897	4.832051
-0.377499	4.782051
-0.464102	4.732051
-0.550704	4.682051
-0.637307	4.632051
-0.723909	4.582051
-0.810512	4.532051
-0.897114	4.482051
-0.983717	4.432051
-1.070319	4.382051
-1.156922	4.332051
-1.243524	4.282051
-1.330127	4.232051
-1.330127	4.132051
-1.330127	4.032051
-1.330127	3.932051
-1.330127	3.832051
-1.330127	3.732051
-1.330127	3.632051
-1.330127	3.532051
-1.330127	3.432051
-1.330127	3.332051
-1.330127	3.232051
-1.330127	3.132051
-1.330127	3.032051
-1.330127	2.932051
-1.330127	2.832051
-1.330127	2.732051
-1.330127	2.632051
-1.330127	2.532051
-1.330127	2.432051
-1.330127	2.332051
-1.330127	2.232051
-1.280127	2.145448
-1.230127	2.058846
-1.180127	1.972243
-1.130127	1.885641
-1.080127	1.799038
-1.030127	1.712436
-0.980127	1.625833
-0.930127	1.539230
-0.880127	1.452628
-0.830127	1.366025
-0.780127	1.279423
-0.730127	1.192820
-0.680127	1.106218
-0.630127	1.019615
-0.580127	0.933013
-0.530127	0.846410
-0.480127	0.759808
-0.430127	0.673205
-0.380127	0.586603
-0.330127	0.500000
-0.243524	0.450000
-0.156922	0.400000
-0.070319	0.350000
0.016283	0.300000
0.102886	0.250000
0.189488	0.200000
0.276091	0.150000
0.362693	0.100000
0.449296	0.050000
0.535898	0.000000
0.622501	-0.050000
0.709103	-0.100000
0.795706	-0.150000
0.882309	-0.200000
0.968911	-0.250000
1.055514	-0.300000
1.142116	-0.350000
1.228719	-0.400000
1.315321	-0.450000
1.401924	-0.500000
1.501924	-0.500000
1.601924	-0.500000
1.701924	-0.500000
1.801924	-0.500000
1.901924	-0.500000
2.001924	-0.500000
2.101924	-0.500000
2.201924	-0.500000
2.301924	-0.500000
2.401924	-0.500000
2.501924	-0.500000
2.601924	-0.500000
2.701924	-0.500000
2.801924	-0.500000
2.901924	-0.500000
3.001924	-0.500000
3.101924	-0.500000
3.201924	-0.500000
3.301924	-0.500000
3.401924	-0.500000
3.401924	-0.400000
3.401924	-0.300000
3.401924	-0.200000
3.401924	-0.100000
3.401924	-0.000000
3.401924	0.100000
3.401924	0.200000
3.401924	0.300000
3.401924	0.400000
3.401924	0.500000
3.315321	0.550000
3.228719	0.600000
3.142116	0.650000
3.055514	0.700000
2.968911	0.750000
2.882309	0.800000
2.795706	0.850000
2.709103	0.900000
2.622501	0.950000
2.535898	1.000000
2.449296	1.050000
2.362693	1.100000
2.276091	1.150000
2.189488	1.200000
2.102886	1.250000
2.016283	1.300000
1.929681	1.350000
1.843078	1.400000
1.756476	1.450000
1.669873	1.500000
3.315321	0.550000
3.228719	0.600000
3.142116	0.650000
3.055514	0.700000
2.968911	0.750000
2.882309	0.800000
2.795706	0.850000
2.709103	0.900000
2.622501	0.950000
2.535898	1.000000
2.449296	1.050000
2.362693	1.100000
2.276091	1.150000
2.189488	1.200000
2.102886	1.250000
2.016283	1.300000
1.929681	1.350000
1.843078	1.400000
1.756476	1.450000
1.669873	1.500000
1.583270	1.450000
1.496668	1.400000
1.410065	1.350000
1.323463	1.300000
1.236860	1.250000
1.150258	1.200000
1.063655	1.150000
0.977053	1.100000
0.890450	1.050000
0.803848	1.000000
0.717245	0.950000
0.630642	0.900000
0.544040	0.850000
0.457437	0.800000
0.370835	0.750000
0.284232	0.700000
0.197630	0.650000
0.111027	0.600000
0.024425	0.550000
-0.062178	0.500000
-0.112178	0.413397
-0.162178	0.326795
-0.212178	0.240192
-0.262178	0.153590
-0.312178	0.066987
-0.362178	-0.019615
-0.412178	-0.106218
-0.462178	-0.192820
-0.512178	-0.279423
-0.562178	-0.366025
-0.612178	-0.452628
-0.662178	-0.539230
-0.712178	-0.625833
-0.762178	-0.712436
-0.812178	-0.799038
-0.862178	-0.885641
-0.912178	-0.972243
-0.962178	-1.058846
-1.012178	-1.145448
-1.062178	-1.232051
-0.062178	0.400000
-0.062178	0.300000
-0.062178	0.200000
-0.062178	0.100000
-0.062178	0.000000
-0.062178	-0.100000
-0.062178	-0.200000
-0.062178	-0.300000
-0.062178	-0.400000
-0.062178	-0.500000
-0.062178	-0.600000
-0.062178	-0.700000
-0.062178	-0.800000
-0.062178	-0.900000
-0.062178	-1.000000
-0.062178	-1.100000
-0.062178	-1.200000
-0.062178	-1.300000
-0.062178	-1.400000
-0.062178	-1.500000
-0.062178	-1.600000
-0.062178	-1.700000
-0.062178	-1.800000
-0.062178	-1.900000
-0.062178	-2.000000
-0.062178	-2.100000
-0.062178	-2.200000
-0.062178	-2.300000
-0.062178	-2.400000
-0.062178	-2.500000
0.024425	-2.550000
0.111027	-2.600000
0.197630	-2.650000
0.284232	-2.700000
0.370835	-2.750000
0.457437	-2.800000
0.544040	-2.850000
0.630642	-2.900000
0.717245	-2.950000
0.803848	-3.000000
0.890450	-3.050000
0.977053	-3.100000
1.063655	-3.150000
1.150258	-3.200000
1.236860	-3.250000
1.323463	-3.300000
1.410065	-3.350000
1.496668	-3.400000
1.583270	-3.450000
1.669873	-3.500000
1.583270	1.450000
1.496668	1.400000
1.410065	1.350000
1.323463	1.300000
1.236860	1.250000
1.150258	1.200000
1.063655	1.150000
0.977053	1.100000
0.890450	1.050000
0.803848	1.000000
0.717245	0.950000
0.630642	0.900000
0.544040	0.850000
0.457437	0.800000
0.370835	0.750000
0.284232	0.700000
0.197630	0.650000
0.111027	0.600000
0.024425	0.550000
-0.062178	0.500000
-0.112178	0.413397
-0.162178	0.326795
-0.212178	0.240192
-0.262178	0.153590
-0.312178	0.066987
-0.362178	-0.019615
-0.412178	-0.106218
-0.462178	-0.192820
-0.512178	-0.279423
-0.562178	-0.366025
-0.612178	-0.452628
-0.662178	-0.539230
-0.712178	-0.625833
-0.762178	-0.712436
-0.812178	-0.799038
-0.862178	-0.885641
-0.912178	-0.972243
-0.962178	-1.058846
-1.012178	-1.145448
-1.062178	-1.232051
-1.062178	-1.332051
-1.062178	-1.432051
-1.062178	-1.532051
-1.062178	-1.632051
-1.062178	-1.732051
-1.062178	-1.832051
-1.062178	-1.932051
-1.062178	-2.032051
-1.062178	-2.132051
-1.062178	-2.232051
-1.062178	-2.332051
-1.062178	-2.432051
-1.062178	-2.532051
-1.062178	-2.632051
-1.062178	-2.732051
-1.062178	-2.832051
-1.062178	-2.932051
-1.062178	-3.032051
-1.062178	-3.132051
-1.062178	-3.232051
-0.975575	-3.282051
-0.888973	-3.332051
-0.802370	-3.382051
-0.715768	-3.432051
-0.629165	-3.482051
-0.542563	-3.532051
-0.455960	-3.582051
-0.369358	-3.632051
-0.282755	-3.682051
-0.196152	-3.732051
-0.109550	-3.782051
-0.022947	-3.832051
0.063655	-3.882051
0.150258	-3.932051
0.236860	-3.982051
0.323463	-4.032051
0.410065	-4.082051
0.496668	-4.132051
0.583270	-4.182051
0.669873	-4.232051
0.769873	-4.232051
0.869873	-4.232051
0.969873	-4.232051
1.069873	-4.232051
1.169873	-4.232051
1.269873	-4.232051
1.369873	-4.232051
1.469873	-4.232051
1.569873	-4.232051
1.669873	-4.232051
1.769873	-4.232051
1.869873	-4.232051
1.969873	-4.232051
2.069873	-4.232051
2.169873	-4.232051
2.269873	-4.232051
2.369873	-4.232051
2.469873	-4.232051
2.569873	-4.232051
2.669873	-4.232051
2.756476	-4.182051
2.843078	-4.132051
2.929681	-4.082051
3.016283	-4.032051
3.102886	-3.982051
3.189488	-3.932051
3.276091	-3.882051
3.362693	-3.832051
3.449296	-3.782051
3.535898	-3.732051
3.622501	-3.682051
3.709103	-3.632051
3.795706	-3.582051
3.882309	-3.532051
3.968911	-3.482051
4.055514	-3.432051
4.142116	-3.382051
4.228719	-3.332051
4.315321	-3.282051
4.401924	-3.232051
4.451924	-3.145448
4.501924	-3.058846
4.551924	-2.972243
4.601924	-2.885641
4.651924	-2.799038
4.701924	-2.712436
4.751924	-2.625833
4.801924	-2.539230
4.851924	-2.452628
4.901924	-2.366025
4.951924	-2.279423
5.001924	-2.192820
5.051924	-2.106218
5.101924	-2.019615
5.151924	-1.933013
5.201924	-1.846410
5.251924	-1.759808
5.301924	-1.673205
5.351924	-1.586603
5.401924	-1.500000
5.401924	-1.400000
5.401924	-1.300000
5.401924	-1.200000
5.401924	-1.100000
5.401924	-1.000000
5.401924	-0.900000
5.401924	-0.800000
5.401924	-0.700000
5.401924	-0.600000
5.401924	-0.500000
5.401924	-0.400000
5.401924	-0.300000
5.401924	-0.200000
5.401924	-0.100000
5.401924	-0.000000
5.401924	0.100000
5.401924	0.200000
5.401924	0.300000
5.401924	0.400000
5.401924	0.500000
5.351924	-1.413397
5.301924	-1.326795
5.251924	-1.240192
5.201924	-1.153590
5.151924	-1.066987
5.101924	-0.980385
5.051924	-0.893782
5.001924	-0.807180
4.951924	-0.720577
4.901924	-0.633975
4.851924	-0.547372
4.801924	-0.460770
4.751924	-0.374167
4.701924	-0.287564
4.651924	-0.200962
4.601924	-0.114359
4.551924	-0.027757
4.501924	0.058846
4.451924	0.145448
4.401924	0.232051
4.351924	0.318653
4.301924	0.405256
4.251924	0.491858
4.201924	0.578461
4.151924	0.665064
4.101924	0.751666
4.051924	0.838269
4.001924	0.924871
3.951924	1.011474
3.901924	1.098076
3.801924	1.098076
3.701924	1.098076
3.601924	1.098076
3.501924	1.098076
3.401924	1.098076
3.301924	1.098076
3.201924	1.098076
3.101924	1.098076
3.001924	1.098076
2.901924	1.098076
2.801924	1.098076
2.701924	1.098076
2.601924	1.098076
2.501924	1.098076
2.401924	1.098076
2.301924	1.098076
2.201924	1.098076
2.101924	1.098076
2.001924	1.098076
1.901924	1.098076
1.815321	1.048076
1.728719	0.998076
1.642116	0.948076
1.555514	0.898076
1.468911	0.848076
1.382309	0.798076
1.295706	0.748076
1.209103	0.698076
1.122501	0.648076
1.035898	0.598076
0.949296	0.548076
0.862693	0.498076
0.776091	0.448076
0.689488	0.398076
0.602886	0.348076
0.516283	0.298076
0.429681	0.248076
0.343078	0.198076
0.256476	0.148076
0.169873	0.098076
0.119873	0.011474
0.069873	-0.075129
0.019873	-0.161731
-0.030127	-0.248334
-0.080127	-0.334936
-0.130127	-0.421539
-0.180127	-0.508142
-0.230127	-0.594744
-0.280127	-0.681347
-0.330127	-0.767949
-0.380127	-0.854552
-0.430127	-0.941154
-0.480127	-1.027757
-0.530127	-1.114359
-0.580127	-1.200962
-0.630127	-1.287564
-0.680127	-1.374167
-0.730127	-1.460770
-0.780127	-1.547372
-0.830127	-1.633975
-0.830127	-1.733975
-0.830127	-1.833975
-0.830127	-1.933975
-0.830127	-2.033975
-0.830127	-2.133975
-0.830127	-2.233975
-0.830127	-2.333975
-0.830127	-2.433975
-0.830127	-2.533975
-0.830127	-2.633975
-0.830127	-2.733975
-0.830127	-2.833975
-0.830127	-2.933975
-0.830127	-3.033975
-0.830127	-3.133975
-0.830127	-3.233975
-0.830127	-3.333975
-0.830127	-3.433975
-0.830127	-3.533975
-0.830127	-3.633975
-0.780127	-3.720577
-0.730127	-3.807180
-0.680127	-3.893782
-0.630127	-3.980385
-0.580127	-4.066987
-0.530127	-4.153590
-0.480127	-4.240192
-0.430127	-4.326795
-0.380127	-4.413397
-0.330127	-4.500000
-0.280127	-4.586603
-0.230127	-4.673205
-0.180127	-4.759808
-0.130127	-4.846410
-0.080127	-4.933013
-0.030127	-5.019615
0.019873	-5.106218
0.069873	-5.192820
0.119873	-5.279423
0.169873	-5.366025
0.256476	-5.416025
0.343078	-5.466025
0.429681	-5.516025
0.516283	-5.566025
0.602886	-5.616025
0.689488	-5.666025
0.776091	-5.716025
0.862693	-5.766025
0.949296	-5.816025
1.035898	-5.866025
1.122501	-5.916025
1.209103	-5.966025
1.295706	-6.016025
1.382309	-6.066025
1.468911	-6.116025
1.555514	-6.166025
1.642116	-6.216025
1.728719	-6.266025
1.815321	-6.316025
1.901924	-6.366025
2.001924	-6.366025
2.101924	-6.366025
2.201924	-6.366025
2.301924	-6.366025
2.401924	-6.366025
2.501924	-6.366025
2.601924	-6.366025
2.701924	-6.366025
2.801924	-6.366025
2.901924	-6.366025
3.001924	-6.366025
3.101924	-6.366025
3.201924	-6.366025
3.301924	-6.366025
3.401924	-6.366025
3.501924	-6.366025
3.601924	-6.366025
3.701924	-6.366025
3.801924	-6.366025
3.901924	-6.366025
3.988526	-6.316025
4.075129	-6.266025
4.161731	-6.216025
4.248334	-6.166025
4.334936	-6.116025
4.421539	-6.066025
4.508142	-6.016025
4.594744	-5.966025
4.681347	-5.916025
4.767949	-5.866025
4.854552	-5.816025
4.941154	-5.766025
5.027757	-5.716025
5.114359	-5.666025
5.200962	-5.616025
5.287564	-5.566025
5.374167	-5.516025
5.460770	-5.466025
5.547372	-5.416025
5.633975	-5.366025
5.683975	-5.279423
5.733975	-5.192820
5.783975	-5.106218
5.833975	-5.019615
5.883975	-4.933013
5.933975	-4.846410
5.983975	-4.759808
6.033975	-4.673205
6.083975	-4.586603
6.133975	-4.500000
6.183975	-4.413397
6.233975	-4.326795
6.283975	-4.240192
6.333975	-4.153590
6.383975	-4.066987
6.433975	-3.980385
6.483975	-3.893782
6.533975	-3.807180
6.583975	-3.720577
6.633975	-3.633975
5.633975	-5.266025
5.633975	-5.166025
5.633975	-5.066025
5.633975	-4.966025
5.633975	-4.866025
5.633975	-4.766025
5.633975	-4.666025
5.633975	-4.566025
5.633975	-4.466025
5.633975	-4.366025
5.633975	-4.266025
5.633975	-4.166025
5.633975	-4.066025
5.633975	-3.966025
5.633975	-3.866025
5.633975	-3.766025
5.633975	-3.666025
5.633975	-3.566025
5.633975	-3.466025
5.633975	-3.366025
5.633975	-3.266025
5.633975	-3.166025
5.633975	-3.066025
5.633975	-2.966025
5.633975	-2.866025
5.633975	-2.766025
5.633975	-2.666025
5.633975	-2.566025
5.633975	-2.466025
5.633975	-2.366025
5.547372	-2.316025
5.460770	-2.266025
5.374167	-2.216025
5.287564	-2.166025
5.200962	-2.116025
5.114359	-2.066025
5.027757	-2.016025
4.941154	-1.966025
4.854552	-1.916025
4.767949	-1.866025
4.681347	-1.816025
4.594744	-1.766025
4.508142	-1.716025
4.421539	-1.666025
4.334936	-1.616025
4.248334	-1.566025
4.161731	-1.516025
4.075129	-1.466025
3.988526	-1.416025
3.901924	-1.366025
3.951924	-6.279423
4.001924	-6.192820
4.051924	-6.106218
4.101924	-6.019615
4.151924	-5.933013
4.201924	-5.846410
4.251924	-5.759808
4.301924	-5.673205
4.351924	-5.586603
4.401924	-5.500000
4.351924	-5.413397
4.301924	-5.326795
4.251924	-5.240192
4.201924	-5.153590
4.151924	-5.066987
4.101924	-4.980385
4.051924	-4.893782
4.001924	-4.807180
3.951924	-4.720577
3.901924	-4.633975
3.851924	-4.547372
3.801924	-4.460770
3.751924	-4.374167
3.701924	-4.287564
3.651924	-4.200962
3.601924	-4.114359
3.551924	-4.027757
3.501924	-3.941154
3.451924	-3.854552
3.401924	-3.767949
4.351924	-5.413397
4.301924	-5.326795
4.251924	-5.240192
4.201924	-5.153590
4.151924	-5.066987
4.101924	-4.980385
4.051924	-4.893782
4.001924	-4.807180
3.951924	-4.720577
3.901924	-4.633975
3.851924	-4.547372
3.801924	-4.460770
3.751924	-4.374167
3.701924	-4.287564
3.651924	-4.200962
3.601924	-4.114359
3.551924	-4.027757
3.501924	-3.941154
3.451924	-3.854552
3.401924	-3.767949
3.351924	-3.681347
3.301924	-3.594744
3.251924	-3.508142
3.201924	-3.421539
3.151924	-3.334936
3.101924	-3.248334
3.051924	-3.161731
3.001924	-3.075129
2.951924	-2.988526
2.901924	-2.901924
2.851924	-2.815321
2.801924	-2.728719
2.751924	-2.642116
2.701924	-2.555514
2.651924	-2.468911
2.601924	-2.382309
2.551924	-2.295706
2.501924	-2.209103
2.451924	-2.122501
2.401924	-2.035898
2.315321	-1.985898
2.228719	-1.935898
2.142116	-1.885898
2.055514	-1.835898
1.968911	-1.785898
1.882309	-1.735898
1.795706	-1.685898
1.709103	-1.635898
1.622501	-1.585898
1.535898	-1.535898
1.449296	-1.485898
1.362693	-1.435898
1.276091	-1.385898
1.189488	-1.335898
1.102886	-1.285898
1.016283	-1.235898
0.929681	-1.185898
0.843078	-1.135898
0.756476	-1.085898
0.669873	-1.035898
0.569873	-1.035898
0.469873	-1.035898
0.369873	-1.035898
0.269873	-1.035898
0.169873	-1.035898
0.069873	-1.035898
-0.030127	-1.035898
-0.130127	-1.035898
-0.230127	-1.035898
-0.330127	-1.035898
-0.430127	-1.035898
-0.530127	-1.035898
-0.630127	-1.035898
-0.730127	-1.035898
-0.830127	-1.035898
-0.930127	-1.035898
-1.030127	-1.035898
-1.130127	-1.035898
-1.230127	-1.035898
-1.330127	-1.035898
-1.380127	-1.122501
-1.430127	-1.209103
-1.480127	-1.295706
-1.530127	-1.382309
-1.580127	-1.468911
-1.630127	-1.555514
-1.680127	-1.642116
-1.730127	-1.728719
-1.780127	-1.815321
-1.830127	-1.901924
-1.880127	-1.988526
-1.930127	-2.075129
-1.980127	-2.161731
-2.030127	-2.248334
-2.080127	-2.334936
-2.130127	-2.421539
-2.180127	-2.508142
-2.230127	-2.594744
-2.280127	-2.681347
-2.330127	-2.767949
-2.330127	-2.867949
-2.330127	-2.967949
-2.330127	-3.067949
-2.330127	-3.167949
-2.330127	-3.267949
-2.330127	-3.367949
-2.330127	-3.467949
-2.330127	-3.567949
-2.330127	-3.667949
-2.330127	-3.767949
-2.330127	-3.867949
-2.330127	-3.967949
-2.330127	-4.067949
-2.330127	-4.167949
-2.330127	-4.267949
-2.330127	-4.367949
-2.330127	-4.467949
-2.330127	-4.567949
-2.330127	-4.667949
-2.330127	-4.767949
-2.280127	-2.854552
-2.230127	-2.941154
-2.180127	-3.027757
-2.130127	-3.114359
-2.080127	-3.200962
-2.030127	-3.287564
-1.980127	-3.374167
-1.930127	-3.460770
-1.880127	-3.547372
-1.830127	-3.633975
-1.780127	-3.720577
-1.730127	-3.807180
-1.680127	-3.893782
-1.630127	-3.980385
-1.580127	-4.066987
-1.530127	-4.153590
-1.480127	-4.240192
-1.430127	-4.326795
-1.380127	-4.413397
-1.330127	-4.500000
-1.280127	-4.586603
-1.230127	-4.673205
-1.180127	-4.759808
-1.130127	-4.846410
-1.080127	-4.933013
-1.030127	-5.019615
-0.980127	-5.106218
-0.930127	-5.192820
-0.880127	-5.279423
-0.830127	-5.366025
-0.730127	-5.366025
-0.630127	-5.366025
-0.530127	-5.366025
-0.430127	-5.366025
-0.330127	-5.366025
-0.230127	-5.366025
-0.130127	-5.366025
-0.030127	-5.366025
0.069873	-5.366025
0.169873	-5.366025
0.269873	-5.366025
0.369873	-5.366025
0.469873	-5.366025
0.569873	-5.366025
0.669873	-5.366025
0.769873	-5.366025
0.869873	-5.366025
0.969873	-5.366025
1.069873	-5.366025
1.169873	-5.366025
1.256476	-5.316025
1.343078	-5.266025
1.429681	-5.216025
1.516283	-5.166025
1.602886	-5.116025
1.689488	-5.066025
1.776091	-5.016025
1.862693	-4.966025
1.949296	-4.916025
2.035898	-4.866025
2.122501	-4.816025
2.209103	-4.766025
2.295706	-4.716025
2.382309	-4.666025
2.468911	-4.616025
2.555514	-4.566025
2.642116	-4.516025
2.728719	-4.466025
2.815321	-4.416025
2.901924	-4.366025
2.951924	-4.279423
3.001924	-4.192820
3.051924	-4.106218
3.101924	-4.019615
3.151924	-3.933013
3.201924	-3.846410
3.251924	-3.759808
3.301924	-3.673205
3.351924	-3.586603
3.401924	-3.500000
3.451924	-3.413397
3.501924	-3.326795
3.551924	-3.240192
3.601924	-3.153590
3.651924	-3.066987
3.701924	-2.980385
3.751924	-2.893782
3.801924	-2.807180
3.851924	-2.720577
3.901924	-2.633975
3.901924	-2.533975
3.901924	-2.433975
3.901924	-2.333975
3.901924	-2.233975
3.901924	-2.133975
3.901924	-2.033975
3.901924	-1.933975
3.901924	-1.833975
3.901924	-1.733975
3.901924	-1.633975
3.901924	-1.533975
3.901924	-1.433975
3.901924	-1.333975
3.901924	-1.233975
3.901924	-1.133975
3.901924	-1.033975
3.901924	-0.933975
3.901924	-0.833975
3.901924	-0.733975
3.901924	-0.633975
3.851924	-0.547372
3.801924	-0.460770
3.751924	-0.374167
3.701924	-0.287564
3.651924	-0.200962
3.601924	-0.114359
3.551924	-0.027757
3.501924	0.058846
3.451924	0.145448
3.401924	0.232051
3.351924	0.318653
3.301924	0.405256
3.251924	0.491858
3.201924	0.578461
3.151924	0.665064
3.101924	0.751666
3.051924	0.838269
3.001924	0.924871
2.951924	1.011474
2.901924	1.098076
2.815321	1.148076
2.728719	1.198076
2.642116	1.248076
2.555514	1.298076
2.468911	1.348076
2.382309	1.398076
2.295706	1.448076
2.209103	1.498076
2.122501	1.548076
2.035898	1.598076
1.949296	1.648076
1.862693	1.698076
1.776091	1.748076
1.689488	1.798076
1.602886	1.848076
1.516283	1.898076
1.429681	1.948076
1.343078	1.998076
1.256476	2.048076
1.169873	2.098076
2.801924	1.098076
2.701924	1.098076
2.601924	1.098076
2.501924	1.098076
2.401924	1.098076
2.301924	1.098076
2.201924	1.098076
2.101924	1.098076
2.001924	1.098076
1.901924	1.098076
1.801924	1.098076
1.701924	1.098076
1.601924	1.098076
1.501924	1.098076
1.401924	1.098076
1.301924	1.098076
1.201924	1.098076
1.101924	1.098076
1.001924	1.098076
0.901924	1.098076
0.801924	1.098076
0.701924	1.098076
0.601924	1.098076
0.501924	1.098076
0.401924	1.098076
0.301924	1.098076
0.201924	1.098076
0.101924	1.098076
0.001924	1.098076
-0.098076	1.098076
-0.148076	1.011474
-0.198076	0.924871
-0.248076	0.838269
-0.298076	0.751666
-0.348076	0.665064
-0.398076	0.578461
-0.448076	0.491858
-0.498076	0.405256
-0.548076	0.318653
-0.598076	0.232051
-0.648076	0.145448
-0.698076	0.058846
-0.748076	-0.027757
-0.798076	-0.114359
-0.848076	-0.200962
-0.898076	-0.287564
-0.948076	-0.374167
-0.998076	-0.460770
-1.048076	-0.547372
-1.098076	-0.633975
-1.098076	-0.733975
-1.098076	-0.833975
-1.098076	-0.933975
-1.098076	-1.033975
-1.098076	-1.133975
-1.098076	-1.233975
-1.098076	-1.333975
-1.098076	-1.433975
-1.098076	-1.533975
-1.098076	-1.633975
-1.098076	-1.733975
-1.098076	-1.833975
-1.098076	-1.933975
-1.098076	-2.033975
-1.098076	-2.133975
-1.098076	-2.233975
-1.098076	-2.333975
-1.098076	-2.433975
-1.098076	-2.533975
-1.098076	-2.633975
-1.048076	-2.720577
-0.998076	-2.807180
-0.948076	-2.893782
-0.898076	-2.980385
-0.848076	-3.066987
-0.798076	-3.153590
-0.748076	-3.240192
-0.698076	-3.326795
-0.648076	-3.413397
-0.598076	-3.500000
-0.548076	-3.586603
-0.498076	-3.673205
-0.448076	-3.759808
-0.398076	-3.846410
-0.348076	-3.933013
-0.298076	-4.019615
-0.248076	-4.106218
-0.198076	-4.192820
-0.148076	-4.279423
-0.098076	-4.366025
-0.011474	-4.416025
0.075129	-4.466025
0.161731	-4.516025
0.248334	-4.566025
0.334936	-4.616025
0.421539	-4.666025
0.508142	-4.716025
0.594744	-4.766025
0.681347	-4.816025
0.767949	-4.866025
0.854552	-4.916025
0.941154	-4.966025
1.027757	-5.016025
1.114359	-5.066025
1.200962	-5.116025
1.287564	-5.166025
1.374167	-5.216025
1.460770	-5.266025
1.547372	-5.316025
1.633975	-5.366025
1.683975	-5.279423
1.733975	-5.192820
1.783975	-5.106218
1.833975	-5.019615
1.883975	-4.933013
1.933975	-4.846410
1.983975	-4.759808
2.033975	-4.673205
2.083975	-4.586603
2.133975	-4.500000
2.083975	-4.413397
2.033975	-4.326795
1.983975	-4.240192
1.933975	-4.153590
1.883975	-4.066987
1.833975	-3.980385
1.783975	-3.893782
1.733975	-3.807180
1.683975	-3.720577
1.633975	-3.633975
1.583975	-3.547372
1.533975	-3.460770
1.483975	-3.374167
1.433975	-3.287564
1.383975	-3.200962
1.333975	-3.114359
1.283975	-3.027757
1.233975	-2.941154
1.183975	-2.854552
1.133975	-2.767949
2.083975	-4.413397
2.033975	-4.326795
1.983975	-4.240192
1.933975	-4.153590
1.883975	-4.066987
1.833975	-3.980385
1.783975	-3.893782
1.733975	-3.807180
1.683975	-3.720577
1.633975	-3.633975
1.583975	-3.547372
1.533975	-3.460770
1.483975	-3.374167
1.433975	-3.287564
1.383975	-3.200962
1.333975	-3.114359
1.283975	-3.027757
1.233975	-2.941154
1.183975	-2.854552
1.133975	-2.767949
1.033975	-2.767949
0.933975	-2.767949
0.833975	-2.767949
0.733975	-2.767949
0.633975	-2.767949
0.533975	-2.767949
0.433975	-2.767949
0.333975	-2.767949
0.233975	-2.767949
0.133975	-2.767949
0.033975	-2.767949
-0.066025	-2.767949
-0.166025	-2.767949
-0.266025	-2.767949
-0.366025	-2.767949
-0.466025	-2.767949
-0.566025	-2.767949
-0.666025	-2.767949
-0.766025	-2.767949
-0.866025	-2.767949
-0.952628	-2.817949
-1.039230	-2.867949
-1.125833	-2.917949
-1.212436	-2.967949
-1.299038	-3.017949
-1.385641	-3.067949
-1.472243	-3.117949
-1.558846	-3.167949
-1.645448	-3.217949
-1.732051	-3.267949
-1.818653	-3.317949
-1.905256	-3.367949
-1.991858	-3.417949
-2.078461	-3.467949
-2.165064	-3.517949
-2.251666	-3.567949
-2.338269	-3.617949
-2.424871	-3.667949
-2.511474	-3.717949
-2.598076	-3.767949
-0.916025	-2.854552
-0.966025	-2.941154
-1.016025	-3.027757
-1.066025	-3.114359
-1.116025	-3.200962
-1.166025	-3.287564
-1.216025	-3.374167
-1.266025	-3.460770
-1.316025	-3.547372
-1.366025	-3.633975
-1.416025	-3.720577
-1.466025	-3.807180
-1.516025	-3.893782
-1.566025	-3.980385
-1.616025	-4.066987
-1.666025	-4.153590
-1.716025	-4.240192
-1.766025	-4.326795
-1.816025	-4.413397
-1.866025	-4.500000
-1.916025	-4.586603
-1.966025	-4.673205
-2.016025	-4.759808
-2.066025	-4.846410
-2.116025	-4.933013
-2.166025	-5.019615
-2.216025	-5.106218
-2.266025	-5.192820
-2.316025	-5.279423
-2.366025	-5.366025
-2.316025	-5.452628
-2.266025	-5.539230
-2.216025	-5.625833
-2.166025	-5.712436
-2.116025	-5.799038
-2.066025	-5.885641
-2.016025	-5.972243
-1.966025	-6.058846
-1.916025	-6.145448
-1.866025	-6.232051
-1.816025	-6.318653
-1.766025	-6.405256
-1.716025	-6.491858
-1.666025	-6.578461
-1.616025	-6.665064
-1.566025	-6.751666
-1.516025	-6.838269
-1.466025	-6.924871
-1.416025	-7.011474
-1.366025	-7.098076
1.033975	-2.767949
0.933975	-2.767949
0.833975	-2.767949
0.733975	-2.767949
0.633975	-2.767949
0.533975	-2.767949
0.433975	-2.767949
0.333975	-2.767949
0.233975	-2.767949
0.133975	-2.767949
0.033975	-2.767949
-0.066025	-2.767949
-0.166025	-2.767949
-0.266025	-2.767949
-0.366025	-2.767949
-0.466025	-2.767949
-0.566025	-2.767949
-0.666025	-2.767949
-0.766025	-2.767949
-0.866025	-2.767949
-0.952628	-2.817949
-1.039230	-2.867949
-1.125833	-2.917949
-1.212436	-2.967949
-1.299038	-3.017949
-1.385641	-3.067949
-1.472243	-3.117949
-1.558846	-3.167949
-1.645448	-3.217949
-1.732051	-3.267949
-1.818653	-3.317949
-1.905256	-3.367949
-1.991858	-3.417949
-2.078461	-3.467949
-2.165064	-3.517949
-2.251666	-3.567949
-2.338269	-3.617949
-2.424871	-3.667949
-2.511474	-3.717949
-2.598076	-3.767949
-2.648076	-3.854552
-2.698076	-3.941154
-2.748076	-4.027757
-2.798076	-4.114359
-2.848076	-4.200962
-2.898076	-4.287564
-2.948076	-4.374167
-2.998076	-4.460770
-3.048076	-4.547372
-3.098076	-4.633975
-3.148076	-4.720577
-3.198076	-4.807180
-3.248076	-4.893782
-3.298076	-4.980385
-3.348076	-5.066987
-3.398076	-5.153590
-3.448076	-5.240192
-3.498076	-5.326795
-3.548076	-5.413397
-3.598076	-5.500000
-3.548076	-5.586603
-3.498076	-5.673205
-3.448076	-5.759808
-3.398076	-5.846410
-3.348076	-5.933013
-3.298076	-6.019615
-3.248076	-6.106218
-3.198076	-6.192820
-3.148076	-6.279423
-3.098076	-6.366025
-3.048076	-6.452628
-2.998076	-6.539230
-2.948076	-6.625833
-2.898076	-6.712436
-2.848076	-6.799038
-2.798076	-6.885641
-2.748076	-6.972243
-2.698076	-7.058846
-2.648076	-7.145448
-2.598076	-7.232051
-2.511474	-7.282051
-2.424871	-7.332051
-2.338269	-7.382051
-2.251666	-7.432051
-2.165064	-7.482051
-2.078461	-7.532051
-1.991858	-7.582051
-1.905256	-7.632051
-1.818653	-7.682051
-1.732051	-7.732051
-1.645448	-7.782051
-1.558846	-7.832051
-1.472243	-7.882051
-1.385641	-7.932051
-1.299038	-7.982051
-1.212436	-8.032051
-1.125833	-8.082051
-1.039230	-8.132051
-0.952628	-8.182051
-0.866025	-8.232051
-0.766025	-8.232051
-0.666025	-8.232051
-0.566025	-8.232051
-0.466025	-8.232051
-0.366025	-8.232051
-0.266025	-8.232051
-0.166025	-8.232051
-0.066025	-8.232051
0.033975	-8.232051
0.133975	-8.232051
0.233975	-8.232051
0.333975	-8.232051
0.433975	-8.232051
0.533975	-8.232051
0.633975	-8.232051
0.733975	-8.232051
0.833975	-8.232051
0.933975	-8.232051
1.033975	-8.232051
1.133975	-8.232051
1.220577	-8.182051
1.307180	-8.132051
1.393782	-8.082051
1.480385	-8.032051
1.566987	-7.982051
1.653590	-7.932051
1.740192	-7.882051
1.826795	-7.832051
1.913397	-7.782051
2.000000	-7.732051
2.086603	-7.682051
2.173205	-7.632051
2.259808	-7.582051
2.346410	-7.532051
2.433013	-7.482051
2.519615	-7.432051
2.606218	-7.382051
2.692820	-7.332051
2.779423	-7.282051
2.866025	-7.232051
2.916025	-7.145448
2.966025	-7.058846
3.016025	-6.972243
3.066025	-6.885641
3.116025	-6.799038
3.166025	-6.712436
3.216025	-6.625833
3.266025	-6.539230
3.316025	-6.452628
3.366025	-6.366025
3.416025	-6.279423
3.466025	-6.192820
3.516025	-6.106218
3.566025	-6.019615
3.616025	-5.933013
3.666025	-5.846410
3.716025	-5.759808
3.766025	-5.673205
3.816025	-5.586603
3.866025	-5.500000
2.866025	-7.132051
2.866025	-7.032051
2.866025	-6.932051
2.866025	-6.832051
2.866025	-6.732051
2.866025	-6.632051
2.866025	-6.532051
2.866025	-6.432051
2.866025	-6.332051
2.866025	-6.232051
2.866025	-6.132051
2.866025	-6.032051
2.866025	-5.932051
2.866025	-5.832051
2.866025	-5.732051
2.866025	-5.632051
2.866025	-5.532051
2.866025	-5.432051
2.866025	-5.332051
2.866025	-5.232051
2.866025	-5.132051
2.866025	-5.032051
2.866025	-4.932051
2.866025	-4.832051
2.866025	-4.732051
2.866025	-4.632051
2.866025	-4.532051
2.866025	-4.432051
2.866025	-4.332051
2.866025	-4.232051
2.779423	-4.182051
2.692820	-4.132051
2.606218	-4.082051
2.519615	-4.032051
2.433013	-3.982051
2.346410	-3.932051
2.259808	-3.882051
2.173205	-3.832051
2.086603	-3.782051
2.000000	-3.732051
1.913397	-3.682051
1.826795	-3.632051
1.740192	-3.582051
1.653590	-3.532051
1.566987	-3.482051
1.480385	-3.432051
1.393782	-3.382051
1.307180	-3.332051
1.220577	-3.282051
1.133975	-3.232051
1.033975	-3.232051
0.933975	-3.232051
0.833975	-3.232051
0.733975	-3.232051
0.633975	-3.232051
0.533975	-3.232051
0.433975	-3.232051
0.333975	-3.232051
0.233975	-3.232051
0.133975	-3.232051
0.033975	-3.232051
-0.066025	-3.232051
-0.166025	-3.232051
-0.266025	-3.232051
-0.366025	-3.232051
-0.466025	-3.232051
-0.566025	-3.232051
-0.666025	-3.232051
-0.766025	-3.232051
-0.866025	-3.232051
-0.952628	-3.282051
-1.039230	-3.332051
-1.125833	-3.382051
-1.212436	-3.432051
-1.299038	-3.482051
-1.385641	-3.532051
-1.472243	-3.582051
-1.558846	-3.632051
-1.645448	-3.682051
-1.732051	-3.732051
-1.818653	-3.782051
-1.905256	-3.832051
-1.991858	-3.882051
-2.078461	-3.932051
-2.165064	-3.982051
-2.251666	-4.032051
-2.338269	-4.082051
-2.424871	-4.132051
-2.511474	-4.182051
-2.598076	-4.232051
-2.648076	-4.318653
-2.698076	-4.405256
-2.748076	-4.491858
-2.798076	-4.578461
-2.848076	-4.665064
-2.898076	-4.751666
-2.948076	-4.838269
-2.998076	-4.924871
-3.048076	-5.011474
-3.098076	-5.098076
-3.148076	-5.184679
-3.198076	-5.271281
-3.248076	-5.357884
-3.298076	-5.444486
-3.348076	-5.531089
-3.398076	-5.617691
-3.448076	-5.704294
-3.498076	-5.790897
-3.548076	-5.877499
-3.598076	-5.964102
-3.598076	-6.064102
-3.598076	-6.164102
-3.598076	-6.264102
-3.598076	-6.364102
-3.598076	-6.464102
-3.598076	-6.564102
-3.598076	-6.664102
-3.598076	-6.764102
-3.598076	-6.864102
-3.598076	-6.964102
-3.598076	-7.064102
-3.598076	-7.164102
-3.598076	-7.264102
-3.598076	-7.364102
-3.598076	-7.464102
-3.598076	-7.564102
-3.598076	-7.664102
-3.598076	-7.764102
-3.598076	-7.864102
-3.598076	-7.964102
-3.548076	-8.050704
-3.498076	-8.137307
-3.448076	-8.223909
-3.398076	-8.310512
-3.348076	-8.397114
-3.298076	-8.483717
-3.248076	-8.570319
-3.198076	-8.656922
-3.148076	-8.743524
-3.098076	-8.830127
-3.048076	-8.916730
-2.998076	-9.003332
-2.948076	-9.089935
-2.898076	-9.176537
-2.848076	-9.263140
-2.798076	-9.349742
-2.748076	-9.436345
-2.698076	-9.522947
-2.648076	-9.609550
-2.598076	-9.696152
-2.511474	-9.746152
-2.424871	-9.796152
-2.338269	-9.846152
-2.251666	-9.896152
-2.165064	-9.946152
-2.078461	-9.996152
-1.991858	-10.046152
-1.905256	-10.096152
-1.818653	-10.146152
-1.732051	-10.196152
-1.645448	-10.246152
-1.558846	-10.296152
-1.472243	-10.346152
-1.385641	-10.396152
-1.299038	-10.446152
-1.212436	-10.496152
-1.125833	-10.546152
-1.039230	-10.596152
-0.952628	-10.646152
-0.866025	-10.696152
-0.766025	-10.696152
-0.666025	-10.696152
-0.566025	-10.696152
-0.466025	-10.696152
-0.366025	-10.696152
-0.266025	-10.696152
-0.166025	-10.696152
-0.066025	-10.696152
0.033975	-10.696152
0.133975	-10.696152
0.233975	-10.696152
0.333975	-10.696152
0.433975	-10.696152
0.533975	-10.696152
0.633975	-10.696152
0.733975	-10.696152
0.833975	-10.696152
0.933975	-10.696152
1.033975	-10.696152
1.133975	-10.696152
1.220577	-10.646152
1.307180	-10.596152
1.393782	-10.546152
1.480385	-10.496152
1.566987	-10.446152
1.653590	-10.396152
1.740192	-10.346152
1.826795	-10.296152
1.913397	-10.246152
2.000000	-10.196152
2.086603	-10.146152
2.173205	-10.096152
2.259808	-10.046152
2.346410	-9.996152
2.433013	-9.946152
2.519615	-9.896152
2.606218	-9.846152
2.692820	-9.796152
2.779423	-9.746152
2.866025	-9.696152
1.183975	-10.609550
1.233975	-10.522947
1.283975	-10.436345
1.333975	-10.349742
1.383975	-10.263140
1.433975	-10.176537
1.483975	-10.089935
1.533975	-10.003332
1.583975	-9.916730
1.633975	-9.830127
1.683975	-9.743524
1.733975	-9.656922
1.783975	-9.570319
1.833975	-9.483717
1.883975	-9.397114
1.933975	-9.310512
1.983975	-9.223909
2.033975	-9.137307
2.083975	-9.050704
2.133975	-8.964102
2.183975	-8.877499
2.233975	-8.790897
2.283975	-8.704294
2.333975	-8.617691
2.383975	-8.531089
2.433975	-8.444486
2.483975	-8.357884
2.533975	-8.271281
2.583975	-8.184679
2.633975	-8.098076
2.583975	-8.011474
2.533975	-7.924871
2.483975	-7.838269
2.433975	-7.751666
2.383975	-7.665064
2.333975	-7.578461
2.283975	-7.491858
2.233975	-7.405256
2.183975	-7.318653
2.133975	-7.232051
2.083975	-7.145448
2.033975	-7.058846
1.983975	-6.972243
1.933975	-6.885641
1.883975	-6.799038
1.833975	-6.712436
1.783975	-6.625833
1.733975	-6.539230
1.683975	-6.452628
1.633975	-6.366025
-0.779423	-10.646152
-0.692820	-10.596152
-0.606218	-10.546152
-0.519615	-10.496152
-0.433013	-10.446152
-0.346410	-10.396152
-0.259808	-10.346152
-0.173205	-10.296152
-0.086603	-10.246152
-0.000000	-10.196152
-0.000000	-10.096152
-0.000000	-9.996152
-0.000000	-9.896152
-0.000000	-9.796152
-0.000000	-9.696152
-0.000000	-9.596152
-0.000000	-9.496152
-0.000000	-9.396152
-0.000000	-9.296152
-0.000000	-9.196152
-0.000000	-9.096152
-0.000000	-8.996152
-0.000000	-8.896152
-0.000000	-8.796152
-0.000000	-8.696152
-0.000000	-8.596152
-0.000000	-8.496152
-0.000000	-8.396152
-0.000000	-8.296152
-0.000000	-8.196152
-0.000000	-10.096152
-0.000000	-9.996152
-0.000000	-9.896152
-0.000000	-9.796152
-0.000000	-9.696152
-0.000000	-9.596152
-0.000000	-9.496152
-0.000000	-9.396152
-0.000000	-9.296152
-0.000000	-9.196152
-0.000000	-9.096152
-0.000000	-8.996152
-0.000000	-8.896152
-0.000000	-8.796152
-0.000000	-8.696152
-0.000000	-8.596152
-0.000000	-8.496152
-0.000000	-8.396152
-0.000000	-8.296152
-0.000000	-8.196152
-0.000000	-8.096152
-0.000000	-7.996152
-0.000000	-7.896152
-0.000000	-7.796152
-0.000000	-7.696152
-0.000000	-7.596152
-0.000000	-7.496152
-0.000000	-7.396152
-0.000000	-7.296152
-0.000000	-7.196152
-0.000000	-7.096152
-0.000000	-6.996152
-0.000000	-6.896152
-0.000000	-6.796152
-0.000000	-6.696152
-0.000000	-6.596152
-0.000000	-6.496152
-0.000000	-6.396152
-0.000000	-6.296152
-0.000000	-6.196152
-0.050000	-6.109550
-0.100000	-6.022947
-0.150000	-5.936345
-0.200000	-5.849742
-0.250000	-5.763140
-0.300000	-5.676537
-0.350000	-5.589935
-0.400000	-5.503332
-0.450000	-5.416730
-0.500000	-5.330127
-0.550000	-5.243524
-0.600000	-5.156922
-0.650000	-5.070319
-0.700000	-4.983717
-0.750000	-4.897114
-0.800000	-4.810512
-0.850000	-4.723909
-0.900000	-4.637307
-0.950000	-4.550704
-1.000000	-4.464102
-1.086603	-4.414102
-1.173205	-4.364102
-1.259808	-4.314102
-1.346410	-4.264102
-1.433013	-4.214102
-1.519615	-4.164102
-1.606218	-4.114102
-1.692820	-4.064102
-1.779423	-4.014102
-1.866025	-3.964102
-1.952628	-3.914102
-2.039230	-3.864102
-2.125833	-3.814102
-2.212436	-3.764102
-2.299038	-3.714102
-2.385641	-3.664102
-2.472243	-3.614102
-2.558846	-3.564102
-2.645448	-3.514102
-2.732051	-3.464102
-2.818653	-3.514102
-2.905256	-3.564102
-2.991858	-3.614102
-3.078461	-3.664102
-3.165064	-3.714102
-3.251666	-3.764102
-3.338269	-3.814102
-3.424871	-3.864102
-3.511474	-3.914102
-3.598076	-3.964102
-3.684679	-4.014102
-3.771281	-4.064102
-3.857884	-4.114102
-3.944486	-4.164102
-4.031089	-4.214102
-4.117691	-4.264102
-4.204294	-4.314102
-4.290897	-4.364102
-4.377499	-4.414102
-4.464102	-4.464102
-4.514102	-4.550704
-4.564102	-4.637307
-4.614102	-4.723909
-4.664102	-4.810512
-4.714102	-4.897114
-4.764102	-4.983717
-4.814102	-5.070319
-4.864102	-5.156922
-4.914102	-5.243524
-4.964102	-5.330127
-5.014102	-5.416730
-5.064102	-5.503332
-5.114102	-5.589935
-5.164102	-5.676537
-5.214102	-5.763140
-5.264102	-5.849742
-5.314102	-5.936345
-5.364102	-6.022947
-5.414102	-6.109550
-5.464102	-6.196152
-4.464102	-4.564102
-4.464102	-4.664102
-4.464102	-4.764102
-4.464102	-4.864102
-4.464102	-4.964102
-4.464102	-5.064102
-4.464102	-5.164102
-4.464102	-5.264102
-4.464102	-5.364102
-4.464102	-5.464102
-4.464102	-5.564102
-4.464102	-5.664102
-4.464102	-5.764102
-4.464102	-5.864102
-4.464102	-5.964102
-4.464102	-6.064102
-4.464102	-6.164102
-4.464102	-6.264102
-4.464102	-6.364102
-4.464102	-6.464102
-4.464102	-6.564102
-4.464102	-6.664102
-4.464102	-6.764102
-4.464102	-6.864102
-4.464102	-6.964102
-4.464102	-7.064102
-4.464102	-7.164102
-4.464102	-7.264102
-4.464102	-7.364102
-4.464102	-7.464102
-4.377499	-7.514102
-4.290897	-7.564102
-4.204294	-7.614102
-4.117691	-7.664102
-4.031089	-7.714102
-3.944486	-7.764102
-3.857884	-7.814102
-3.771281	-7.864102
-3.684679	-7.914102
-3.598076	-7.964102
-3.511474	-8.014102
-3.424871	-8.064102
-3.338269	-8.114102
-3.251666	-8.164102
-3.165064	-8.214102
-3.078461	-8.264102
-2.991858	-8.314102
-2.905256	-8.364102
-2.818653	-8.414102
-2.732051	-8.464102
-2.632051	-8.464102
-2.532051	-8.464102
-2.432051	-8.464102
-2.332051	-8.464102
-2.232051	-8.464102
-2.132051	-8.464102
-2.032051	-8.464102
-1.932051	-8.464102
-1.832051	-8.464102
-1.732051	-8.464102
-1.632051	-8.464102
-1.532051	-8.464102
-1.432051	-8.464102
-1.332051	-8.464102
-1.232051	-8.464102
-1.132051	-8.464102
-1.032051	-8.464102
-0.932051	-8.464102
-0.832051	-8.464102
-0.732051	-8.464102
-0.645448	-8.414102
-0.558846	-8.364102
-0.472243	-8.314102
-0.385641	-8.264102
-0.299038	-8.214102
-0.212436	-8.164102
-0.125833	-8.114102
-0.039230	-8.064102
0.047372	-8.014102
0.133975	-7.964102
0.220577	-7.914102
0.307180	-7.864102
0.393782	-7.814102
0.480385	-7.764102
0.566987	-7.714102
0.653590	-7.664102
0.740192	-7.614102
0.826795	-7.564102
0.913397	-7.514102
1.000000	-7.464102
1.050000	-7.377499
1.100000	-7.290897
1.150000	-7.204294
1.200000	-7.117691
1.250000	-7.031089
1.300000	-6.944486
1.350000	-6.857884
1.400000	-6.771281
1.450000	-6.684679
1.500000	-6.598076
1.550000	-6.511474
1.600000	-6.424871
1.650000	-6.338269
1.700000	-6.251666
1.750000	-6.165064
1.800000	-6.078461
1.850000	-5.991858
1.900000	-5.905256
1.950000	-5.818653
2.000000	-5.732051
2.000000	-5.632051
2.000000	-5.532051
2.000000	-5.432051
2.000000	-5.332051
2.000000	-5.232051
2.000000	-5.132051
2.000000	-5.032051
2.000000	-4.932051
2.000000	-4.832051
2.000000	-4.732051
2.000000	-4.632051
2.000000	-4.532051
2.000000	-4.432051
2.000000	-4.332051
2.000000	-4.232051
2.000000	-4.132051
2.000000	-4.032051
2.000000	-3.932051
2.000000	-3.832051
2.000000	-3.732051
1.950000	-3.645448
1.900000	-3.558846
1.850000	-3.472243
1.800000	-3.385641
1.750000	-3.299038
1.700000	-3.212436
1.650000	-3.125833
1.600000	-3.039230
1.550000	-2.952628
1.500000	-2.866025
1.450000	-2.779423
1.400000	-2.692820
1.350000	-2.606218
1.300000	-2.519615
1.250000	-2.433013
1.200000	-2.346410
1.150000	-2.259808
1.100000	-2.173205
1.050000	-2.086603
1.000000	-2.000000
1.913397	-3.682051
1.826795	-3.632051
1.740192	-3.582051
1.653590	-3.532051
1.566987	-3.482051
1.480385	-3.432051
1.393782	-3.382051
1.307180	-3.332051
1.220577	-3.282051
1.133975	-3.232051
1.047372	-3.182051
0.960770	-3.132051
0.874167	-3.082051
0.787564	-3.032051
0.700962	-2.982051
0.614359	-2.932051
0.527757	-2.882051
0.441154	-2.832051
0.354552	-2.782051
0.267949	-2.732051
0.181347	-2.682051
0.094744	-2.632051
0.008142	-2.582051
-0.078461	-2.532051
-0.165064	-2.482051
-0.251666	-2.432051
-0.338269	-2.382051
-0.424871	-2.332051
-0.511474	-2.282051
-0.598076	-2.232051
-0.684679	-2.282051
-0.771281	-2.332051
-0.857884	-2.382051
-0.944486	-2.432051
-1.031089	-2.482051
-1.117691	-2.532051
-1.204294	-2.582051
-1.290897	-2.632051
-1.377499	-2.682051
-1.464102	-2.732051
-1.550704	-2.782051
-1.637307	-2.832051
-1.723909	-2.882051
-1.810512	-2.932051
-1.897114	-2.982051
-1.983717	-3.032051
-2.070319	-3.082051
-2.156922	-3.132051
-2.243524	-3.182051
-2.330127	-3.232051
-2.380127	-3.318653
-2.430127	-3.405256
-2.480127	-3.491858
-2.530127	-3.578461
-2.580127	-3.665064
-2.630127	-3.751666
-2.680127	-3.838269
-2.730127	-3.924871
-2.780127	-4.011474
-2.830127	-4.098076
-2.880127	-4.184679
-2.930127	-4.271281
-2.980127	-4.357884
-3.030127	-4.444486
-3.080127	-4.531089
-3.130127	-4.617691
-3.180127	-4.704294
-3.230127	-4.790897
-3.280127	-4.877499
-3.330127	-4.964102
-3.330127	-5.064102
-3.330127	-5.164102
-3.330127	-5.264102
-3.330127	-5.364102
-3.330127	-5.464102
-3.330127	-5.564102
-3.330127	-5.664102
-3.330127	-5.764102
-3.330127	-5.864102
-3.330127	-5.964102
-3.330127	-6.064102
-3.330127	-6.164102
-3.330127	-6.264102
-3.330127	-6.364102
-3.330127	-6.464102
-3.330127	-6.564102
-3.330127	-6.664102
-3.330127	-6.764102
-3.330127	-6.864102
-3.330127	-6.964102
-3.280127	-7.050704
-3.230127	-7.137307
-3.180127	-7.223909
-3.130127	-7.310512
-3.080127	-7.397114
-3.030127	-7.483717
-2.980127	-7.570319
-2.930127	-7.656922
-2.880127	-7.743524
-2.830127	-7.830127
-2.780127	-7.916730
-2.730127	-8.003332
-2.680127	-8.089935
-2.630127	-8.176537
-2.580127	-8.263140
-2.530127	-8.349742
-2.480127	-8.436345
-2.430127	-8.522947
-2.380127	-8.609550
-2.330127	-8.696152
-2.243524	-8.646152
-2.156922	-8.596152
-2.070319	-8.546152
-1.983717	-8.496152
-1.897114	-8.446152
-1.810512	-8.396152
-1.723909	-8.346152
-1.637307	-8.296152
-1.550704	-8.246152
-1.464102	-8.196152
-1.464102	-8.096152
-1.464102	-7.996152
-1.464102	-7.896152
-1.464102	-7.796152
-1.464102	-7.696152
-1.464102	-7.596152
-1.464102	-7.496152
-1.464102	-7.396152
-1.464102	-7.296152
-1.464102	-7.196152
-1.464102	-7.096152
-1.464102	-6.996152
-1.464102	-6.896152
-1.464102	-6.796152
-1.464102	-6.696152
-1.464102	-6.596152
-1.464102	-6.496152
-1.464102	-6.396152
-1.464102	-6.296152
-1.464102	-6.196152
-1.464102	-8.096152
-1.464102	-7.996152
-1.464102	-7.896152
-1.464102	-7.796152
-1.464102	-7.696152
-1.464102	-7.596152
-1.464102	-7.496152
-1.464102	-7.396152
-1.464102	-7.296152
-1.464102	-7.196152
-1.464102	-7.096152
-1.464102	-6.996152
-1.464102	-6.896152
-1.464102	-6.796152
-1.464102	-6.696152
-1.464102	-6.596152
-1.464102	-6.496152
-1.464102	-6.396152
-1.464102	-6.296152
-1.464102	-6.196152
-1.550704	-6.146152
-1.637307	-6.096152
-1.723909	-6.046152
-1.810512	-5.996152
-1.897114	-5.946152
-1.983717	-5.896152
-2.070319	-5.846152
-2.156922	-5.796152
-2.243524	-5.746152
-2.330127	-5.696152
-2.416730	-5.646152
-2.503332	-5.596152
-2.589935	-5.546152
-2.676537	-5.496152
-2.763140	-5.446152
-2.849742	-5.396152
-2.936345	-5.346152
-3.022947	-5.296152
-3.109550	-5.246152
-3.196152	-5.196152
-3.296152	-5.196152
-3.396152	-5.196152
-3.496152	-5.196152
-3.596152	-5.196152
-3.696152	-5.196152
-3.796152	-5.196152
-3.896152	-5.196152
-3.996152	-5.196152
-4.096152	-5.196152
-4.196152	-5.196152
-4.296152	-5.196152
-4.396152	-5.196152
-4.496152	-5.196152
-4.596152	-5.196152
-4.696152	-5.196152
-4.796152	-5.196152
-4.896152	-5.196152
-4.996152	-5.196152
-5.096152	-5.196152
-5.196152	-5.196152
-3.282755	-5.246152
-3.369358	-5.296152
-3.455960	-5.346152
-3.542563	-5.396152
-3.629165	-5.446152
-3.715768	-5.496152
-3.802370	-5.546152
-3.888973	-5.596152
-3.975575	-5.646152
-4.062178	-5.696152
-4.148780	-5.746152
-4.235383	-5.796152
-4.321985	-5.846152
-4.408588	-5.896152
-4.495191	-5.946152
-4.581793	-5.996152
-4.668396	-6.046152
-4.754998	-6.096152
-4.841601	-6.146152
-4.928203	-6.196152
-5.014806	-6.246152
-5.101408	-6.296152
-5.188011	-6.346152
-5.274613	-6.396152
-5.361216	-6.446152
-5.447818	-6.496152
-5.534421	-6.546152
-5.621024	-6.596152
-5.707626	-6.646152
-5.794229	-6.696152
-5.794229	-6.796152
-5.794229	-6.896152
-5.794229	-6.996152
-5.794229	-7.096152
-5.794229	-7.196152
-5.794229	-7.296152
-5.794229	-7.396152
-5.794229	-7.496152
-5.794229	-7.596152
-5.794229	-7.696152
-5.794229	-7.796152
-5.794229	-7.896152
-5.794229	-7.996152
-5.794229	-8.096152
-5.794229	-8.196152
-5.794229	-8.296152
-5.794229	-8.396152
-5.794229	-8.496152
-5.794229	-8.596152
-5.794229	-8.696152
-1.550704	-6.146152
-1.637307	-6.096152
-1.723909	-6.046152
-1.810512	-5.996152
-1.897114	-5.946152
-1.983717	-5.896152
-2.070319	-5.846152
-2.156922	-5.796152
-2.243524	-5.746152
-2.330127	-5.696152
-2.416730	-5.646152
-2.503332	-5.596152
-2.589935	-5.546152
-2.676537	-5.496152
-2.763140	-5.446152
-2.849742	-5.396152
-2.936345	-5.346152
-3.022947	-5.296152
-3.109550	-5.246152
-3.196152	-5.196152
-3.296152	-5.196152
-3.396152	-5.196152
-3.496152	-5.196152
-3.596152	-5.196152
-3.696152	-5.196152
-3.796152	-5.196152
-3.896152	-5.196152
-3.996152	-5.196152
-4.096152	-5.196152
-4.196152	-5.196152
-4.296152	-5.196152
-4.396152	-5.196152
-4.496152	-5.196152
-4.596152	-5.196152
-4.696152	-5.196152
-4.796152	-5.196152
-4.896152	-5.196152
-4.996152	-5.196152
-5.096152	-5.196152
-5.196152	-5.196152
-5.282755	-5.246152
-5.369358	-5.296152
-5.455960	-5.346152
-5.542563	-5.396152
-5.629165	-5.446152
-5.715768	-5.496152
-5.802370	-5.546152
-5.888973	-5.596152
-5.975575	-5.646152
-6.062178	-5.696152
-6.148780	-5.746152
-6.235383	-5.796152
-6.321985	-5.846152
-6.408588	-5.896152
-6.495191	-5.946152
-6.581793	-5.996152
-6.668396	-6.046152
-6.754998	-6.096152
-6.841601	-6.146152
-6.928203	-6.196152
-6.928203	-6.296152
-6.928203	-6.396152
-6.928203	-6.496152
-6.928203	-6.596152
-6.928203	-6.696152
-6.928203	-6.796152
-6.928203	-6.896152
-6.928203	-6.996152
-6.928203	-7.096152
-6.928203	-7.196152
-6.928203	-7.296152
-6.928203	-7.396152
-6.928203	-7.496152
-6.928203	-7.596152
-6.928203	-7.696152
-6.928203	-7.796152
-6.928203	-7.896152
-6.928203	-7.996152
-6.928203	-8.096152
-6.928203	-8.196152
-6.878203	-8.282755
-6.828203	-8.369358
-6.778203	-8.455960
-6.728203	-8.542563
-6.678203	-8.629165
-6.628203	-8.715768
-6.578203	-8.802370
-6.528203	-8.888973
-6.478203	-8.975575
-6.428203	-9.062178
-6.378203	-9.148780
-6.328203	-9.235383
-6.278203	-9.321985
-6.228203	-9.408588
-6.178203	-9.495191
-6.128203	-9.581793
-6.078203	-9.668396
-6.028203	-9.754998
-5.978203	-9.841601
-5.928203	-9.928203
-5.841601	-9.978203
-5.754998	-10.028203
-5.668396	-10.078203
-5.581793	-10.128203
-5.495191	-10.178203
-5.408588	-10.228203
-5.321985	-10.278203
-5.235383	-10.328203
-5.148780	-10.378203
-5.062178	-10.428203
-4.975575	-10.478203
-4.888973	-10.528203
-4.802370	-10.578203
-4.715768	-10.628203
-4.629165	-10.678203
-4.542563	-10.728203
-4.455960	-10.778203
-4.369358	-10.828203
-4.282755	-10.878203
-4.196152	-10.928203
-4.096152	-10.928203
-3.996152	-10.928203
-3.896152	-10.928203
-3.796152	-10.928203
-3.696152	-10.928203
-3.596152	-10.928203
-3.496152	-10.928203
-3.396152	-10.928203
-3.296152	-10.928203
-3.196152	-10.928203
-3.096152	-10.928203
-2.996152	-10.928203
-2.896152	-10.928203
-2.796152	-10.928203
-2.696152	-10.928203
-2.596152	-10.928203
-2.496152	-10.928203
-2.396152	-10.928203
-2.296152	-10.928203
-2.196152	-10.928203
-2.109550	-10.878203
-2.022947	-10.828203
-1.936345	-10.778203
-1.849742	-10.728203
-1.763140	-10.678203
-1.676537	-10.628203
-1.589935	-10.578203
-1.503332	-10.528203
-1.416730	-10.478203
-1.330127	-10.428203
-1.243524	-10.378203
-1.156922	-10.328203
-1.070319	-10.278203
-0.983717	-10.228203
-0.897114	-10.178203
-0.810512	-10.128203
-0.723909	-10.078203
-0.637307	-10.028203
-0.550704	-9.978203
-0.464102	-9.928203
-2.146152	-10.841601
-2.096152	-10.754998
-2.046152	-10.668396
-1.996152	-10.581793
-1.946152	-10.495191
-1.896152	-10.408588
-1.846152	-10.321985
-1.796152	-10.235383
-1.746152	-10.148780
-1.696152	-10.062178
-1.646152	-9.975575
-1.596152	-9.888973
-1.546152	-9.802370
-1.496152	-9.715768
-1.446152	-9.629165
-1.396152	-9.542563
-1.346152	-9.455960
-1.296152	-9.369358
-1.246152	-9.282755
-1.196152	-9.196152
-1.146152	-9.109550
-1.096152	-9.022947
-1.046152	-8.936345
-0.996152	-8.849742
-0.946152	-8.763140
-0.896152	-8.676537
-0.846152	-8.589935
-0.796152	-8.503332
-0.746152	-8.416730
-0.696152	-8.330127
-0.746152	-8.243524
-0.796152	-8.156922
-0.846152	-8.070319
-0.896152	-7.983717
-0.946152	-7.897114
-0.996152	-7.810512
-1.046152	-7.723909
-1.096152	-7.637307
-1.146152	-7.550704
-1.196152	-7.464102
-1.246152	-7.377499
-1.296152	-7.290897
-1.346152	-7.204294
-1.396152	-7.117691
-1.446152	-7.031089
-1.496152	-6.944486
-1.546152	-6.857884
-1.596152	-6.771281
-1.646152	-6.684679
-1.696152	-6.598076
-1.782755	-6.548076
-1.869358	-6.498076
-1.955960	-6.448076
-2.042563	-6.398076
-2.129165	-6.348076
-2.215768	-6.298076
-2.302370	-6.248076
-2.388973	-6.198076
-2.475575	-6.148076
-2.562178	-6.098076
-2.648780	-6.048076
-2.735383	-5.998076
-2.821985	-5.948076
-2.908588	-5.898076
-2.995191	-5.848076
-3.081793	-5.798076
-3.168396	-5.748076
-3.254998	-5.698076
-3.341601	-5.648076
-3.428203	-5.598076
-3.528203	-5.598076
-3.628203	-5.598076
-3.728203	-5.598076
-3.828203	-5.598076
-3.928203	-5.598076
-4.028203	-5.598076
-4.128203	-5.598076
-4.228203	-5.598076
-4.328203	-5.598076
-4.428203	-5.598076
-4.528203	-5.598076
-4.628203	-5.598076
-4.728203	-5.598076
-4.828203	-5.598076
-4.928203	-5.598076
-5.028203	-5.598076
-5.128203	-5.598076
-5.228203	-5.598076
-5.328203	-5.598076
-5.428203	-5.598076
-5.514806	-5.648076
-5.601408	-5.698076
-5.688011	-5.748076
-5.774613	-5.798076
-5.861216	-5.848076
-5.947818	-5.898076
-6.034421	-5.948076
-6.121024	-5.998076
-6.207626	-6.048076
-6.294229	-6.098076
-6.380831	-6.148076
-6.467434	-6.198076
-6.554036	-6.248076
-6.640639	-6.298076
-6.727241	-6.348076
-6.813844	-6.398076
-6.900446	-6.448076
-6.987049	-6.498076
-7.073651	-6.548076
-7.160254	-6.598076
-7.210254	-6.684679
-7.260254	-6.771281
-7.310254	-6.857884
-7.360254	-6.944486
-7.410254	-7.031089
-7.460254	-7.117691
-7.510254	-7.204294
-7.560254	-7.290897
-7.610254	-7.377499
-7.660254	-7.464102
-7.710254	-7.550704
-7.760254	-7.637307
-7.810254	-7.723909
-7.860254	-7.810512
-7.910254	-7.897114
-7.960254	-7.983717
-8.010254	-8.070319
-8.060254	-8.156922
-8.110254	-8.243524
-8.160254	-8.330127
-8.160254	-8.430127
-8.160254	-8.530127
-8.160254	-8.630127
-8.160254	-8.730127
-8.160254	-8.830127
-8.160254	-8.930127
-8.160254	-9.030127
-8.160254	-9.130127
-8.160254	-9.230127
-8.160254	-9.330127
-8.160254	-9.430127
-8.160254	-9.530127
-8.160254	-9.630127
-8.160254	-9.730127
-8.160254	-9.830127
-8.160254	-9.930127
-8.160254	-10.030127
-8.160254	-10.130127
-8.160254	-10.230127
-8.160254	-10.330127
-8.110254	-10.416730
-8.060254	-10.503332
-8.010254	-10.589935
-7.960254	-10.676537
-7.910254	-10.763140
-7.860254	-10.849742
-7.810254	-10.936345
-7.760254	-11.022947
-7.710254	-11.109550
-7.660254	-11.196152
-7.610254	-11.282755
-7.560254	-11.369358
-7.510254	-11.455960
-7.460254	-11.542563
-7.410254	-11.629165
-7.360254	-11.715768
-7.310254	-11.802370
-7.260254	-11.888973
-7.210254	-11.975575
-7.160254	-12.062178
-7.073651	-12.112178
-6.987049	-12.162178
-6.900446	-12.212178
-6.813844	-12.262178
-6.727241	-12.312178
-6.640639	-12.362178
-6.554036	-12.412178
-6.467434	-12.462178
-6.380831	-12.512178
-6.294229	-12.562178
-6.207626	-12.612178
-6.121024	-12.662178
-6.034421	-12.712178
-5.947818	-12.762178
-5.861216	-12.812178
-5.774613	-12.862178
-5.688011	-12.912178
-5.601408	-12.962178
-5.514806	-13.012178
-5.428203	-13.062178
-5.328203	-13.062178
-5.228203	-13.062178
-5.128203	-13.062178
-5.028203	-13.062178
-4.928203	-13.062178
-4.828203	-13.062178
-4.728203	-13.062178
-4.628203	-13.062178
-4.528203	-13.062178
-4.428203	-13.062178
-4.328203	-13.062178
-4.228203	-13.062178
-4.128203	-13.062178
-4.028203	-13.062178
-3.928203	-13.062178
-3.828203	-13.062178
-3.728203	-13.062178
-3.628203	-13.062178
-3.528203	-13.062178
-3.428203	-13.062178
-5.341601	-13.012178
-5.254998	-12.962178
-5.168396	-12.912178
-5.081793	-12.862178
-4.995191	-12.812178
-4.908588	-12.762178
-4.821985	-12.712178
-4.735383	-12.662178
-4.648780	-12.612178
-4.562178	-12.562178
-4.475575	-12.512178
-4.388973	-12.462178
-4.302370	-12.412178
-4.215768	-12.362178
-4.129165	-12.312178
-4.042563	-12.262178
-3.955960	-12.212178
-3.869358	-12.162178
-3.782755	-12.112178
-3.696152	-12.062178
-3.609550	-12.012178
-3.522947	-11.962178
-3.436345	-11.912178
-3.349742	-11.862178
-3.263140	-11.812178
-3.176537	-11.762178
-3.089935	-11.712178
-3.003332	-11.662178
-2.916730	-11.612178
-2.830127	-11.562178
-2.830127	-11.462178
-2.830127	-11.362178
-2.830127	-11.262178
-2.830127	-11.162178
-2.830127	-11.062178
-2.830127	-10.962178
-2.830127	-10.862178
-2.830127	-10.762178
-2.830127	-10.662178
-2.830127	-10.562178
-2.830127	-10.462178
-2.830127	-10.362178
-2.830127	-10.262178
-2.830127	-10.162178
-2.830127	-10.062178
-2.830127	-9.962178
-2.830127	-9.862178
-2.830127	-9.762178
-2.830127	-9.662178
-2.830127	-9.562178
-7.060254	-12.062178
-6.960254	-12.062178
-6.860254	-12.062178
-6.760254	-12.062178
-6.660254	-12.062178
-6.560254	-12.062178
-6.460254	-12.062178
-6.360254	-12.062178
-6.260254	-12.062178
-6.160254	-12.062178
-6.110254	-11.975575
-6.060254	-11.888973
-6.010254	-11.802370
-5.960254	-11.715768
-5.910254	-11.629165
-5.860254	-11.542563
-5.810254	-11.455960
-5.760254	-11.369358
-5.710254	-11.282755
-5.660254	-11.196152
-5.610254	-11.109550
-5.560254	-11.022947
-5.510254	-10.936345
-5.460254	-10.849742
-5.410254	-10.763140
-5.360254	-10.676537
-5.310254	-10.589935
-5.260254	-10.503332
-5.210254	-10.416730
-5.160254	-10.330127
-6.110254	-11.975575
-6.060254	-11.888973
-6.010254	-11.802370
-5.960254	-11.715768
-5.910254	-11.629165
-5.860254	-11.542563
-5.810254	-11.455960
-5.760254	-11.369358
-5.710254	-11.282755
-5.660254	-11.196152
-5.610254	-11.109550
-5.560254	-11.022947
-5.510254	-10.936345
-5.460254	-10.849742
-5.410254	-10.763140
-5.360254	-10.676537
-5.310254	-10.589935
-5.260254	-10.503332
-5.210254	-10.416730
-5.160254	-10.330127
-5.110254	-10.243524
-5.060254	-10.156922
-5.010254	-10.070319
-4.960254	-9.983717
-4.910254	-9.897114
-4.860254	-9.810512
-4.810254	-9.723909
-4.760254	-9.637307
-4.710254	-9.550704
-4.660254	-9.464102
-4.610254	-9.377499
-4.560254	-9.290897
-4.510254	-9.204294
-4.460254	-9.117691
-4.410254	-9.031089
-4.360254	-8.944486
-4.310254	-8.857884
-4.260254	-8.771281
-4.210254	-8.684679
-4.160254	-8.598076
-4.160254	-8.498076
-4.160254	-8.398076
-4.160254	-8.298076
-4.160254	-8.198076
-4.160254	-8.098076
-4.160254	-7.998076
-4.160254	-7.898076
-4.160254	-7.798076
-4.160254	-7.698076
-4.160254	-7.598076
-4.160254	-7.498076
-4.160254	-7.398076
-4.160254	-7.298076
-4.160254	-7.198076
-4.160254	-7.098076
-4.160254	-6.998076
-4.160254	-6.898076
-4.160254	-6.798076
-4.160254	-6.698076
-4.160254	-6.598076
-4.210254	-6.511474
-4.260254	-6.424871
-4.310254	-6.338269
-4.360254	-6.251666
-4.410254	-6.165064
-4.460254	-6.078461
-4.510254	-5.991858
-4.560254	-5.905256
-4.610254	-5.818653
-4.660254	-5.732051
-4.710254	-5.645448
-4.760254	-5.558846
-4.810254	-5.472243
-4.860254	-5.385641
-4.910254	-5.299038
-4.960254	-5.212436
-5.010254	-5.125833
-5.060254	-5.039230
-5.110254	-4.952628
-5.160254	-4.866025
-5.260254	-4.866025
-5.360254	-4.866025
-5.460254	-4.866025
-5.560254	-4.866025
-5.660254	-4.866025
-5.760254	-4.866025
-5.860254	-4.866025
-5.960254	-4.866025
-6.060254	-4.866025
-6.160254	-4.866025
-6.260254	-4.866025
-6.360254	-4.866025
-6.460254	-4.866025
-6.560254	-4.866025
-6.660254	-4.866025
-6.760254	-4.866025
-6.860254	-4.866025
-6.960254	-4.866025
-7.060254	-4.866025
-7.160254	-4.866025
-7.246857	-4.916025
-7.333459	-4.966025
-7.420062	-5.016025
-7.506664	-5.066025
-7.593267	-5.116025
-7.679869	-5.166025
-7.766472	-5.216025
-7.853074	-5.266025
-7.939677	-5.316025
-8.026279	-5.366025
-8.112882	-5.416025
-8.199485	-5.466025
-8.286087	-5.516025
-8.372690	-5.566025
-8.459292	-5.616025
-8.545895	-5.666025
-8.632497	-5.716025
-8.719100	-5.766025
-8.805702	-5.816025
-8.892305	-5.866025
-7.210254	-4.952628
-7.260254	-5.039230
-7.310254	-5.125833
-7.360254	-5.212436
-7.410254	-5.299038
-7.460254	-5.385641
-7.510254	-5.472243
-7.560254	-5.558846
-7.610254	-5.645448
-7.660254	-5.732051
-7.710254	-5.818653
-7.760254	-5.905256
-7.810254	-5.991858
-7.860254	-6.078461
-7.910254	-6.165064
-7.960254	-6.251666
-8.010254	-6.338269
-8.060254	-6.424871
-8.110254	-6.511474
-8.160254	-6.598076
-8.210254	-6.684679
-8.260254	-6.771281
-8.310254	-6.857884
-8.360254	-6.944486
-8.410254	-7.031089
-8.460254	-7.117691
-8.510254	-7.204294
-8.560254	-7.290897
-8.610254	-7.377499
-8.660254	-7.464102
-8.610254	-7.550704
-8.560254	-7.637307
-8.510254	-7.723909
-8.460254	-7.810512
-8.410254	-7.897114
-8.360254	-7.983717
-8.310254	-8.070319
-8.260254	-8.156922
-8.210254	-8.243524
-8.160254	-8.330127
-8.110254	-8.416730
-8.060254	-8.503332
-8.010254	-8.589935
-7.960254	-8.676537
-7.910254	-8.763140
-7.860254	-8.849742
-7.810254	-8.936345
-7.760254	-9.022947
-7.710254	-9.109550
-7.660254	-9.196152
-7.573651	-9.246152
-7.487049	-9.296152
-7.400446	-9.346152
-7.313844	-9.396152
-7.227241	-9.446152
-7.140639	-9.496152
-7.054036	-9.546152
-6.967434	-9.596152
-6.880831	-9.646152
-6.794229	-9.696152
-6.707626	-9.746152
-6.621024	-9.796152
-6.534421	-9.846152
-6.447818	-9.896152
-6.361216	-9.946152
-6.274613	-9.996152
-6.188011	-10.046152
-6.101408	-10.096152
-6.014806	-10.146152
-5.928203	-10.196152
-5.828203	-10.196152
-5.728203	-10.196152
-5.628203	-10.196152
-5.528203	-10.196152
-5.428203	-10.196152
-5.328203	-10.196152
-5.228203	-10.196152
-5.128203	-10.196152
-5.028203	-10.196152
-4.928203	-10.196152
-4.828203	-10.196152
-4.728203	-10.196152
-4.628203	-10.196152
-4.528203	-10.196152
-4.428203	-10.196152
-4.328203	-10.196152
-4.228203	-10.196152
-4.128203	-10.196152
-4.028203	-10.196152
-3.928203	-10.196152
-3.841601	-10.146152
-3.754998	-10.096152
-3.668396	-10.046152
-3.581793	-9.996152
-3.495191	-9.946152
-3.408588	-9.896152
-3.321985	-9.846152
-3.235383	-9.796152
-3.148780	-9.746152
-3.062178	-9.696152
-2.975575	-9.646152
-2.888973	-9.596152
-2.802370	-9.546152
-2.715768	-9.496152
-2.629165	-9.446152
-2.542563	-9.396152
-2.455960	-9.346152
-2.369358	-9.296152
-2.282755	-9.246152
-2.196152	-9.196152
-2.146152	-9.109550
-2.096152	-9.022947
-2.046152	-8.936345
-1.996152	-8.849742
-1.946152	-8.763140
-1.896152	-8.676537
-1.846152	-8.589935
-1.796152	-8.503332
-1.746152	-8.416730
-1.696152	-8.330127
-1.646152	-8.243524
-1.596152	-8.156922
-1.546152	-8.070319
-1.496152	-7.983717
-1.446152	-7.897114
-1.396152	-7.810512
-1.346152	-7.723909
-1.296152	-7.637307
-1.246152	-7.550704
-1.196152	-7.464102
-1.196152	-7.364102
-1.196152	-7.264102
-1.196152	-7.164102
-1.196152	-7.064102
-1.196152	-6.964102
-1.196152	-6.864102
-1.196152	-6.764102
-1.196152	-6.664102
-1.196152	-6.564102
-1.196152	-6.464102
-1.196152	-6.364102
-1.196152	-6.264102
-1.196152	-6.164102
-1.196152	-6.064102
-1.196152	-5.964102
-1.196152	-5.864102
-1.196152	-5.764102
-1.196152	-5.664102
-1.196152	-5.564102
-1.196152	-5.464102
-1.246152	-7.377499
-1.296152	-7.290897
-1.346152	-7.204294
-1.396152	-7.117691
-1.446152	-7.031089
-1.496152	-6.944486
-1.546152	-6.857884
-1.596152	-6.771281
-1.646152	-6.684679
-1.696152	-6.598076
-1.746152	-6.511474
-1.796152	-6.424871
-1.846152	-6.338269
-1.896152	-6.251666
-1.946152	-6.165064
-1.996152	-6.078461
-2.046152	-5.991858
-2.096152	-5.905256
-2.146152	-5.818653
-2.196152	-5.732051
-2.246152	-5.645448
-2.296152	-5.558846
-2.346152	-5.472243
-2.396152	-5.385641
-2.446152	-5.299038
-2.496152	-5.212436
-2.546152	-5.125833
-2.596152	-5.039230
-2.646152	-4.952628
-2.696152	-4.866025
-2.796152	-4.866025
-2.896152	-4.866025
-2.996152	-4.866025
-3.096152	-4.866025
-3.196152	-4.866025
-3.296152	-4.866025
-3.396152	-4.866025
-3.496152	-4.866025
-3.596152	-4.866025
-3.696152	-4.866025
-3.796152	-4.866025
-3.896152	-4.866025
-3.996152	-4.866025
-4.096152	-4.866025
-4.196152	-4.866025
-4.296152	-4.866025
-4.396152	-4.866025
-4.496152	-4.866025
-4.596152	-4.866025
-4.696152	-4.866025
-4.782755	-4.916025
-4.869358	-4.966025
-4.955960	-5.016025
-5.042563	-5.066025
-5.129165	-5.116025
-5.215768	-5.166025
-5.302370	-5.216025
-5.388973	-5.266025
-5.475575	-5.316025
-5.562178	-5.366025
-5.648780	-5.416025
-5.735383	-5.466025
-5.821985	-5.516025
-5.908588	-5.566025
-5.995191	-5.616025
-6.081793	-5.666025
-6.168396	-5.716025
-6.254998	-5.766025
-6.341601	-5.816025
-6.428203	-5.866025
-6.478203	-5.952628
-6.528203	-6.039230
-6.578203	-6.125833
-6.628203	-6.212436
-6.678203	-6.299038
-6.728203	-6.385641
-6.778203	-6.472243
-6.828203	-6.558846
-6.878203	-6.645448
-6.928203	-6.732051
-6.978203	-6.818653
-7.028203	-6.905256
-7.078203	-6.991858
-7.128203	-7.078461
-7.178203	-7.165064
-7.228203	-7.251666
-7.278203	-7.338269
-7.328203	-7.424871
-7.378203	-7.511474
-7.428203	-7.598076
-7.428203	-7.698076
-7.428203	-7.798076
-7.428203	-7.898076
-7.428203	-7.998076
-7.428203	-8.098076
-7.428203	-8.198076
-7.428203	-8.298076
-7.428203	-8.398076
-7.428203	-8.498076
-7.428203	-8.598076
-7.428203	-8.698076
-7.428203	-8.798076
-7.428203	-8.898076
-7.428203	-8.998076
-7.428203	-9.098076
-7.428203	-9.198076
-7.428203	-9.298076
-7.428203	-9.398076
-7.428203	-9.498076
-7.428203	-9.598076
-7.328203	-9.598076
-7.228203	-9.598076
-7.128203	-9.598076
-7.028203	-9.598076
-6.928203	-9.598076
-6.828203	-9.598076
-6.728203	-9.598076
-6.628203	-9.598076
-6.528203	-9.598076
-6.428203	-9.598076
-6.378203	-9.511474
-6.328203	-9.424871
-6.278203	-9.338269
-6.228203	-9.251666
-6.178203	-9.165064
-6.128203	-9.078461
-6.078203	-8.991858
-6.028203	-8.905256
-5.978203	-8.818653
-5.928203	-8.732051
-5.878203	-8.645448
-5.828203	-8.558846
-5.778203	-8.472243
-5.728203	-8.385641
-5.678203	-8.299038
-5.628203	-8.212436
-5.578203	-8.125833
-5.528203	-8.039230
-5.478203	-7.952628
-5.428203	-7.866025
-6.378203	-9.511474
-6.328203	-9.424871
-6.278203	-9.338269
-6.228203	-9.251666
-6.178203	-9.165064
-6.128203	-9.078461
-6.078203	-8.991858
-6.028203	-8.905256
-5.978203	-8.818653
-5.928203	-8.732051
-5.878203	-8.645448
-5.828203	-8.558846
-5.778203	-8.472243
-5.728203	-8.385641
-5.678203	-8.299038
-5.628203	-8.212436
-5.578203	-8.125833
-5.528203	-8.039230
-5.478203	-7.952628
-5.428203	-7.866025
-5.478203	-7.779423
-5.528203	-7.692820
-5.578203	-7.606218
-5.628203	-7.519615
-5.678203	-7.433013
-5.728203	-7.346410
-5.778203	-7.259808
-5.828203	-7.173205
-5.878203	-7.086603
-5.928203	-7.000000
-5.978203	-6.913397
-6.028203	-6.826795
-6.078203	-6.740192
-6.128203	-6.653590
-6.178203	-6.566987
-6.228203	-6.480385
-6.278203	-6.393782
-6.328203	-6.307180
-6.378203	-6.220577
-6.428203	-6.133975
-6.514806	-6.083975
-6.601408	-6.033975
-6.688011	-5.983975
-6.774613	-5.933975
-6.861216	-5.883975
-6.947818	-5.833975
-7.034421	-5.783975
-7.121024	-5.733975
-7.207626	-5.683975
-7.294229	-5.633975
-7.380831	-5.583975
-7.467434	-5.533975
-7.554036	-5.483975
-7.640639	-5.433975
-7.727241	-5.383975
-7.813844	-5.333975
-7.900446	-5.283975
-7.987049	-5.233975
-8.073651	-5.183975
-8.160254	-5.133975
-6.528203	-6.133975
-6.628203	-6.133975
-6.728203	-6.133975
-6.828203	-6.133975
-6.928203	-6.133975
-7.028203	-6.133975
-7.128203	-6.133975
-7.228203	-6.133975
-7.328203	-6.133975
-7.428203	-6.133975
-7.528203	-6.133975
-7.628203	-6.133975
-7.728203	-6.133975
-7.828203	-6.133975
-7.928203	-6.133975
-8.028203	-6.133975
-8.128203	-6.133975
-8.228203	-6.133975
-8.328203	-6.133975
-8.428203	-6.133975
-8.528203	-6.133975
-8.628203	-6.133975
-8.728203	-6.133975
-8.828203	-6.133975
-8.928203	-6.133975
-9.028203	-6.133975
-9.128203	-6.133975
-9.228203	-6.133975
-9.328203	-6.133975
-9.428203	-6.133975
-9.478203	-6.220577
-9.528203	-6.307180
-9.578203	-6.393782
-9.628203	-6.480385
-9.678203	-6.566987
-9.728203	-6.653590
-9.778203	-6.740192
-9.828203	-6.826795
-9.878203	-6.913397
-9.928203	-7.000000
-9.978203	-7.086603
-10.028203	-7.173205
-10.078203	-7.259808
-10.128203	-7.346410
-10.178203	-7.433013
-10.228203	-7.519615
-10.278203	-7.606218
-10.328203	-7.692820
-10.378203	-7.779423
-10.428203	-7.866025
-5.478203	-7.779423
-5.528203	-7.692820
-5.578203	-7.606218
-5.628203	-7.519615
-5.678203	-7.433013
-5.728203	-7.346410
-5.778203	-7.259808
-5.828203	-7.173205
-5.878203	-7.086603
-5.928203	-7.000000
-5.978203	-6.913397
-6.028203	-6.826795
-6.078203	-6.740192
-6.128203	-6.653590
-6.178203	-6.566987
-6.228203	-6.480385
-6.278203	-6.393782
-6.328203	-6.307180
-6.378203	-6.220577
-6.428203	-6.133975
-6.514806	-6.083975
-6.601408	-6.033975
-6.688011	-5.983975
-6.774613	-5.933975
-6.861216	-5.883975
-6.947818	-5.833975
-7.034421	-5.783975
-7.121024	-5.733975
-7.207626	-5.683975
-7.294229	-5.633975
-7.380831	-5.583975
-7.467434	-5.533975
-7.554036	-5.483975
-7.640639	-5.433975
-7.727241	-5.383975
-7.813844	-5.333975
-7.900446	-5.283975
-7.987049	-5.233975
-8.073651	-5.183975
-8.160254	-5.133975
-8.260254	-5.133975
-8.360254	-5.133975
-8.460254	-5.133975
-8.560254	-5.133975
-8.660254	-5.133975
-8.760254	-5.133975
-8.860254	-5.133975
-8.960254	-5.133975
-9.060254	-5.133975
-9.160254	-5.133975
-9.260254	-5.133975
-9.360254	-5.133975
-9.460254	-5.133975
-9.560254	-5.133975
-9.660254	-5.133975
-9.760254	-5.133975
-9.860254	-5.133975
-9.960254	-5.133975
-10.060254	-5.133975
-10.160254	-5.133975
